1.0
0.42857142857142855
0.3333333333333333
0.3076923076923077
0.2777777777777778
0.25
0.19230769230769232
0.21428571428571427
0.21875
0.1794871794871795
0.17777777777777778
0.16326530612244897
0.15789473684210525
0.14516129032258066
0.16666666666666666
0.16417910447761194
0.15492957746478872
0.1506849315068493
0.14102564102564102
0.13253012048192772
0.1511627906976744
0.14606741573033707
0.13829787234042554
0.13402061855670103
0.12871287128712872
0.12745098039215685
1.0
0.3333333333333333
0.3
0.25
0.19047619047619047
0.17391304347826086
0.16
0.14814814814814814
0.16666666666666666
0.1388888888888889
0.175
0.1590909090909091
0.14285714285714285
0.1320754716981132
0.14754098360655737
0.1388888888888889
0.1282051282051282
0.13580246913580246
0.13414634146341464
0.12790697674418605
0.14285714285714285
0.14736842105263157
0.14
0.1485148514851485
0.14423076923076922
0.1523809523809524
1.0
0.8
0.45454545454545453
0.2777777777777778
0.22727272727272727
0.25
0.22580645161290322
0.24324324324324326
0.2682926829268293
0.22916666666666666
0.21568627450980393
0.21818181818181817
0.24193548387096775
0.22388059701492538
0.21428571428571427
0.20833333333333334
0.2236842105263158
0.21176470588235294
0.2111111111111111
0.21505376344086022
0.21649484536082475
0.21428571428571427
0.21782178217821782
0.2358490566037736
0.22522522522522523
0.22413793103448276
1.0
0.6666666666666666
0.375
0.23076923076923078
0.1875
0.13043478260869565
0.125
0.1111111111111111
0.125
0.16666666666666666
0.15384615384615385
0.17073170731707318
0.14893617021276595
0.16
0.16666666666666666
0.16071428571428573
0.15254237288135594
0.16393442622950818
0.16923076923076924
0.15492957746478872
0.14864864864864866
0.13414634146341464
0.13186813186813187
0.13402061855670103
0.13131313131313133
0.12264150943396226
1.0
0.75
0.4444444444444444
0.35714285714285715
0.3333333333333333
0.29411764705882354
0.28
0.22580645161290322
0.1891891891891892
0.18421052631578946
0.175
0.19047619047619047
0.18604651162790697
0.1875
0.19230769230769232
0.17543859649122806
0.15873015873015872
0.15384615384615385
0.16176470588235295
0.1527777777777778
0.14285714285714285
0.14457831325301204
0.1411764705882353
0.13186813186813187
0.13829787234042554
0.13402061855670103
1.0
0.6666666666666666
0.6
0.3
0.2857142857142857
0.23529411764705882
0.2631578947368421
0.21739130434782608
0.21428571428571427
0.1935483870967742
0.1891891891891892
0.18421052631578946
0.1794871794871795
0.1590909090909091
0.17391304347826086
0.16666666666666666
0.16666666666666666
0.15789473684210525
0.16129032258064516
0.171875
0.16176470588235295
0.15714285714285714
0.16901408450704225
0.17567567567567569
0.16455696202531644
0.17073170731707318
1.0
0.42857142857142855
0.2727272727272727
0.1875
0.2222222222222222
0.15384615384615385
0.15625
0.13513513513513514
0.12195121951219512
0.11627906976744186
0.1111111111111111
0.10204081632653061
0.14285714285714285
0.14754098360655737
0.13846153846153847
0.1506849315068493
0.13924050632911392
0.13095238095238096
0.13636363636363635
0.13541666666666666
0.1326530612244898
0.13131313131313133
0.125
0.12037037037037036
0.11403508771929824
0.11965811965811966
1.0
1.0
0.6666666666666666
0.42857142857142855
0.21428571428571427
0.15789473684210525
0.21739130434782608
0.20833333333333334
0.16129032258064516
0.2
0.1794871794871795
0.16279069767441862
0.14583333333333334
0.16
0.14545454545454545
0.12698412698412698
0.1323529411764706
0.12
0.12345679012345678
0.11764705882352941
0.12087912087912088
0.11702127659574468
0.13402061855670103
0.12745098039215685
0.1262135922330097
0.13513513513513514
1.0
0.2857142857142857
0.3076923076923077
0.3125
0.2727272727272727
0.24
0.21428571428571427
0.1875
0.20588235294117646
0.1891891891891892
0.1951219512195122
0.17391304347826086
0.18
0.15254237288135594
0.16129032258064516
0.16176470588235295
0.14864864864864866
0.15789473684210525
0.1625
0.16279069767441862
0.15555555555555556
0.15053763440860216
0.15625
0.16
0.15384615384615385
0.1509433962264151
1.0
0.6666666666666666
0.5
0.29411764705882354
0.23809523809523808
0.19230769230769232
0.17857142857142858
0.16666666666666666
0.16129032258064516
0.14705882352941177
0.13513513513513514
0.13636363636363635
0.13333333333333333
0.1568627450980392
0.16666666666666666
0.14754098360655737
0.14705882352941177
0.13513513513513514
0.12658227848101267
0.13253012048192772
0.13253012048192772
0.13636363636363635
0.13333333333333333
0.1276595744680851
0.12244897959183673
0.13
