1.0
1.0
0.8
0.5
0.35294117647058826
0.3181818181818182
0.2916666666666667
0.2857142857142857
0.3
0.3125
0.30303030303030304
0.2972972972972973
0.2926829268292683
0.2926829268292683
0.2608695652173913
0.2692307692307692
0.25862068965517243
0.26666666666666666
0.26153846153846155
0.27941176470588236
0.26666666666666666
0.25609756097560976
0.25287356321839083
0.25
0.25274725274725274
0.24210526315789474
1.0
0.5
0.3333333333333333
0.36363636363636365
0.2857142857142857
0.2222222222222222
0.25
0.21428571428571427
0.1875
0.16216216216216217
0.15384615384615385
0.16666666666666666
0.21739130434782608
0.20408163265306123
0.19230769230769232
0.2
0.21666666666666667
0.20967741935483872
0.2153846153846154
0.21212121212121213
0.21428571428571427
0.19480519480519481
0.20987654320987653
0.19767441860465115
0.19101123595505617
0.1875
1.0
0.25
0.3333333333333333
0.15384615384615385
0.1111111111111111
0.16
0.15625
0.14285714285714285
0.13513513513513514
0.125
0.13636363636363635
0.15555555555555556
0.16666666666666666
0.17647058823529413
0.17307692307692307
0.1694915254237288
0.19047619047619047
0.17391304347826086
0.16666666666666666
0.1891891891891892
0.18666666666666668
0.17721518987341772
0.18518518518518517
0.18292682926829268
0.1839080459770115
0.17582417582417584
1.0
0.5
0.4
0.3333333333333333
0.35714285714285715
0.35714285714285715
0.4
0.3333333333333333
0.30434782608695654
0.28
0.2692307692307692
0.2413793103448276
0.23529411764705882
0.24324324324324326
0.24390243902439024
0.2727272727272727
0.2916666666666667
0.3
0.2777777777777778
0.2631578947368421
0.26229508196721313
0.24242424242424243
0.2463768115942029
0.2535211267605634
0.24358974358974358
0.24691358024691357
1.0
1.0
0.5714285714285714
0.5
0.5333333333333333
0.47058823529411764
0.36363636363636365
0.37037037037037035
0.3448275862068966
0.3548387096774194
0.36363636363636365
0.37142857142857144
0.3783783783783784
0.37209302325581395
0.32653061224489793
0.32075471698113206
0.3050847457627119
0.2857142857142857
0.2608695652173913
0.26666666666666666
0.2631578947368421
0.25925925925925924
0.25
0.25274725274725274
0.2553191489361702
0.25510204081632654
1.0
0.3333333333333333
0.3333333333333333
0.4375
0.42105263157894735
0.391304347826087
0.35714285714285715
0.3225806451612903
0.30303030303030304
0.2857142857142857
0.2972972972972973
0.28205128205128205
0.27906976744186046
0.28888888888888886
0.2826086956521739
0.3
0.2727272727272727
0.2727272727272727
0.27419354838709675
0.26865671641791045
0.2676056338028169
0.2702702702702703
0.2625
0.2441860465116279
0.23076923076923078
0.23404255319148937
1.0
0.5
0.35714285714285715
0.3
0.22580645161290322
0.20588235294117646
0.1891891891891892
0.2
0.19047619047619047
0.1875
0.17307692307692307
0.17307692307692307
0.16071428571428573
0.1694915254237288
0.2
0.2028985507246377
0.19444444444444445
0.19480519480519481
0.19753086419753085
0.19540229885057472
0.19318181818181818
0.18478260869565216
0.19387755102040816
0.19230769230769232
0.1926605504587156
0.1875
1.0
0.8
0.625
0.5555555555555556
0.4666666666666667
0.3333333333333333
0.34615384615384615
0.3
0.2727272727272727
0.24324324324324326
0.23076923076923078
0.21951219512195122
0.1956521739130435
0.20833333333333334
0.20408163265306123
0.22641509433962265
0.24074074074074073
0.23728813559322035
0.24193548387096775
0.24615384615384617
0.24285714285714285
0.2465753424657534
0.2289156626506024
0.22727272727272727
0.2222222222222222
0.22826086956521738
1.0
0.6
0.42857142857142855
0.23076923076923078
0.26666666666666666
0.2222222222222222
0.2608695652173913
0.2857142857142857
0.25
0.2631578947368421
0.275
0.2619047619047619
0.23404255319148937
0.24489795918367346
0.26
0.27450980392156865
0.2545454545454545
0.23728813559322035
0.23728813559322035
0.24193548387096775
0.25
0.2647058823529412
0.28
0.2692307692307692
0.26506024096385544
0.26744186046511625
1.0
1.0
0.5714285714285714
0.5
0.3888888888888889
0.34782608695652173
0.2962962962962963
0.29411764705882354
0.28205128205128205
0.275
0.2558139534883721
0.23404255319148937
0.25
0.2413793103448276
0.2459016393442623
0.22727272727272727
0.22727272727272727
0.22857142857142856
0.22972972972972974
0.24675324675324675
0.24358974358974358
0.23170731707317074
0.23529411764705882
0.23595505617977527
0.21649484536082475
0.21782178217821782
