1.0
0.5
0.3
0.3076923076923077
0.26666666666666666
0.19047619047619047
0.24
0.2
0.17647058823529413
0.21621621621621623
0.20930232558139536
0.1956521739130435
0.19230769230769232
0.18518518518518517
0.17857142857142858
0.1864406779661017
0.1774193548387097
0.18181818181818182
0.18309859154929578
0.19444444444444445
0.19480519480519481
0.18518518518518517
0.19047619047619047
0.18823529411764706
0.18823529411764706
0.19540229885057472
1.0
1.0
0.5555555555555556
0.4166666666666667
0.38461538461538464
0.5
0.45454545454545453
0.38461538461538464
0.3333333333333333
0.3142857142857143
0.2972972972972973
0.2619047619047619
0.23404255319148937
0.22448979591836735
0.22641509433962265
0.2033898305084746
0.20634920634920634
0.22388059701492538
0.22857142857142856
0.22666666666666666
0.21794871794871795
0.225
0.22988505747126436
0.24444444444444444
0.2391304347826087
0.24242424242424243
1.0
0.5714285714285714
0.38461538461538464
0.3125
0.29411764705882354
0.3181818181818182
0.3076923076923077
0.2903225806451613
0.2727272727272727
0.2631578947368421
0.23255813953488372
0.2391304347826087
0.22
0.21153846153846154
0.23214285714285715
0.21666666666666667
0.21875
0.2
0.20270270270270271
0.2077922077922078
0.21794871794871795
0.2289156626506024
0.2159090909090909
0.21348314606741572
0.20833333333333334
0.21
1.0
0.5
0.3
0.26666666666666666
0.2631578947368421
0.21739130434782608
0.20689655172413793
0.21875
0.1794871794871795
0.17777777777777778
0.17391304347826086
0.17307692307692307
0.1864406779661017
0.19672131147540983
0.1875
0.17391304347826086
0.1643835616438356
0.15789473684210525
0.175
0.1728395061728395
0.17073170731707318
0.18604651162790697
0.19101123595505617
0.20652173913043478
0.21649484536082475
0.21212121212121213
1.0
0.6
0.6666666666666666
0.46153846153846156
0.4117647058823529
0.3181818181818182
0.32142857142857145
0.3333333333333333
0.3157894736842105
0.2857142857142857
0.26666666666666666
0.22641509433962265
0.21052631578947367
0.23333333333333334
0.25
0.23943661971830985
0.23684210526315788
0.21686746987951808
0.2
0.1956521739130435
0.19148936170212766
0.20388349514563106
0.19444444444444445
0.19130434782608696
0.18333333333333332
0.17886178861788618
1.0
0.6
0.42857142857142855
0.25
0.21052631578947367
0.16
0.14814814814814814
0.13333333333333333
0.15151515151515152
0.16666666666666666
0.16216216216216217
0.1951219512195122
0.20930232558139536
0.1956521739130435
0.19607843137254902
0.1864406779661017
0.18461538461538463
0.19117647058823528
0.21052631578947367
0.2
0.18823529411764706
0.1839080459770115
0.17582417582417584
0.1702127659574468
0.16161616161616163
0.1650485436893204
1.0
0.6666666666666666
0.6666666666666666
0.5714285714285714
0.4
0.3076923076923077
0.23529411764705882
0.2608695652173913
0.21428571428571427
0.1935483870967742
0.2
0.19444444444444445
0.2
0.21428571428571427
0.2127659574468085
0.2
0.20754716981132076
0.22413793103448276
0.22580645161290322
0.20588235294117646
0.1891891891891892
0.18181818181818182
0.17721518987341772
0.19101123595505617
0.1935483870967742
0.18947368421052632
1.0
0.5
0.3333333333333333
0.35714285714285715
0.35294117647058826
0.3
0.28
0.25925925925925924
0.25
0.24242424242424243
0.1951219512195122
0.18604651162790697
0.19148936170212766
0.2
0.18518518518518517
0.20689655172413793
0.2033898305084746
0.21875
0.20588235294117646
0.20833333333333334
0.2054794520547945
0.2
0.1927710843373494
0.18181818181818182
0.17391304347826086
0.17708333333333334
1.0
1.0
0.6666666666666666
0.5714285714285714
0.5555555555555556
0.45454545454545453
0.4166666666666667
0.29411764705882354
0.23809523809523808
0.2608695652173913
0.23333333333333334
0.23529411764705882
0.22857142857142856
0.2682926829268293
0.2619047619047619
0.26666666666666666
0.25
0.2413793103448276
0.24193548387096775
0.234375
0.23076923076923078
0.22058823529411764
0.23943661971830985
0.24324324324324326
0.2375
0.24096385542168675
1.0
0.5
0.25
0.25
0.2857142857142857
0.23529411764705882
0.21052631578947367
0.2
0.17391304347826086
0.18518518518518517
0.1935483870967742
0.1935483870967742
0.17142857142857143
0.20512820512820512
0.21428571428571427
0.23255813953488372
0.25
0.23076923076923078
0.23076923076923078
0.22413793103448276
0.234375
0.2318840579710145
0.22972972972972974
0.22077922077922077
0.2125
0.21176470588235294
