1.0
0.25
0.14285714285714285
0.07692307692307693
0.14285714285714285
0.1111111111111111
0.13043478260869565
0.12
0.0967741935483871
0.09375
0.08571428571428572
0.07894736842105263
0.075
0.09302325581395349
0.08
0.09259259259259259
0.08333333333333333
0.078125
0.07352941176470588
0.06944444444444445
0.08108108108108109
0.07792207792207792
0.0875
0.07954545454545454
0.07692307692307693
0.08247422680412371
1.0
0.6666666666666666
0.2857142857142857
0.2
0.17647058823529413
0.25
0.23333333333333334
0.21212121212121213
0.1891891891891892
0.17073170731707318
0.1590909090909091
0.14
0.15384615384615385
0.14814814814814814
0.14285714285714285
0.16129032258064516
0.171875
0.15492957746478872
0.14864864864864866
0.14473684210526316
0.1375
0.13414634146341464
0.13253012048192772
0.12790697674418605
0.12222222222222222
0.11956521739130435
1.0
0.4
0.375
0.2857142857142857
0.21052631578947367
0.16
0.1724137931034483
0.15151515151515152
0.14285714285714285
0.1282051282051282
0.10869565217391304
0.10638297872340426
0.12244897959183673
0.12962962962962962
0.13793103448275862
0.13559322033898305
0.12307692307692308
0.13432835820895522
0.13043478260869565
0.12857142857142856
0.125
0.12
0.11392405063291139
0.12345679012345678
0.11627906976744186
0.11235955056179775
1.0
0.4
0.3333333333333333
0.25
0.26666666666666666
0.2222222222222222
0.2
0.17391304347826086
0.14814814814814814
0.1724137931034483
0.13513513513513514
0.1111111111111111
0.10204081632653061
0.09615384615384616
0.10909090909090909
0.1016949152542373
0.09523809523809523
0.08333333333333333
0.07792207792207792
0.0759493670886076
0.07317073170731707
0.06976744186046512
0.06896551724137931
0.07954545454545454
0.08602150537634409
0.09
1.0
0.5
0.5
0.2
0.1875
0.23809523809523808
0.21428571428571427
0.18181818181818182
0.16666666666666666
0.15384615384615385
0.14285714285714285
0.14583333333333334
0.13725490196078433
0.14545454545454545
0.14516129032258066
0.14285714285714285
0.1388888888888889
0.12987012987012986
0.125
0.12195121951219512
0.13953488372093023
0.14772727272727273
0.14772727272727273
0.13829787234042554
0.14285714285714285
0.13725490196078433
1.0
0.5
0.2
0.16666666666666666
0.1875
0.2857142857142857
0.25
0.23333333333333334
0.2222222222222222
0.21052631578947367
0.18604651162790697
0.1702127659574468
0.18518518518518517
0.1724137931034483
0.171875
0.16176470588235295
0.15942028985507245
0.15492957746478872
0.14285714285714285
0.1375
0.12941176470588237
0.1348314606741573
0.12631578947368421
0.12244897959183673
0.12244897959183673
0.1346153846153846
1.0
0.2
0.125
0.08333333333333333
0.06666666666666667
0.05555555555555555
0.047619047619047616
0.08
0.0625
0.08108108108108109
0.10256410256410256
0.11904761904761904
0.10204081632653061
0.11764705882352941
0.125
0.13333333333333333
0.13846153846153847
0.1323529411764706
0.1232876712328767
0.13513513513513514
0.12987012987012986
0.12345679012345678
0.11904761904761904
0.11235955056179775
0.10869565217391304
0.10638297872340426
1.0
0.3333333333333333
0.18181818181818182
0.125
0.13043478260869565
0.10344827586206896
0.09375
0.10256410256410256
0.09523809523809523
0.09302325581395349
0.08695652173913043
0.08333333333333333
0.08163265306122448
0.07142857142857142
0.06451612903225806
0.07575757575757576
0.07352941176470588
0.06578947368421052
0.0625
0.060240963855421686
0.05952380952380952
0.05747126436781609
0.053763440860215055
0.052083333333333336
0.05102040816326531
0.058823529411764705
1.0
0.3333333333333333
0.25
0.2
0.13333333333333333
0.15
0.11538461538461539
0.12903225806451613
0.10526315789473684
0.09523809523809523
0.10416666666666667
0.11320754716981132
0.10344827586206896
0.1111111111111111
0.10294117647058823
0.0945945945945946
0.08860759493670886
0.09523809523809523
0.09195402298850575
0.08888888888888889
0.08602150537634409
0.0851063829787234
0.08333333333333333
0.08247422680412371
0.10891089108910891
0.11214953271028037
1.0
0.6666666666666666
0.375
0.2
0.15789473684210525
0.125
0.10344827586206896
0.09090909090909091
0.08108108108108109
0.07317073170731707
0.06666666666666667
0.058823529411764705
0.05660377358490566
0.05263157894736842
0.05263157894736842
0.06779661016949153
0.06349206349206349
0.08571428571428572
0.08450704225352113
0.0821917808219178
0.09333333333333334
0.08433734939759036
0.08333333333333333
0.07954545454545454
0.07954545454545454
0.08791208791208792
