1.0
0.5
0.2857142857142857
0.23076923076923078
0.2857142857142857
0.2777777777777778
0.2608695652173913
0.24
0.1935483870967742
0.1875
0.17142857142857143
0.15789473684210525
0.15
0.18604651162790697
0.16
0.18518518518518517
0.16666666666666666
0.171875
0.16176470588235295
0.18055555555555555
0.1891891891891892
0.18181818181818182
0.2
0.18181818181818182
0.17582417582417584
0.17525773195876287
1.0
0.6666666666666666
0.42857142857142855
0.3
0.29411764705882354
0.3333333333333333
0.3
0.2727272727272727
0.24324324324324326
0.21951219512195122
0.20454545454545456
0.18
0.19230769230769232
0.18518518518518517
0.19642857142857142
0.20967741935483872
0.21875
0.2112676056338028
0.21621621621621623
0.21052631578947367
0.2125
0.2073170731707317
0.20481927710843373
0.19767441860465115
0.2
0.1956521739130435
1.0
0.8
0.625
0.5
0.42105263157894735
0.36
0.3448275862068966
0.30303030303030304
0.2857142857142857
0.2564102564102564
0.2608695652173913
0.2553191489361702
0.2653061224489796
0.2777777777777778
0.29310344827586204
0.288135593220339
0.26153846153846155
0.26865671641791045
0.2608695652173913
0.2714285714285714
0.2638888888888889
0.25333333333333335
0.25316455696202533
0.25925925925925924
0.26744186046511625
0.25842696629213485
1.0
0.4
0.3333333333333333
0.3333333333333333
0.3333333333333333
0.2777777777777778
0.25
0.21739130434782608
0.2222222222222222
0.27586206896551724
0.24324324324324326
0.2
0.1836734693877551
0.19230769230769232
0.21818181818181817
0.22033898305084745
0.20634920634920634
0.19444444444444445
0.19480519480519481
0.189873417721519
0.18292682926829268
0.1744186046511628
0.1724137931034483
0.18181818181818182
0.1827956989247312
0.19
1.0
0.5
0.5
0.3
0.25
0.3333333333333333
0.2857142857142857
0.24242424242424243
0.2222222222222222
0.20512820512820512
0.21428571428571427
0.20833333333333334
0.21568627450980393
0.21818181818181817
0.20967741935483872
0.2
0.20833333333333334
0.19480519480519481
0.1875
0.18292682926829268
0.20930232558139536
0.2159090909090909
0.2159090909090909
0.2127659574468085
0.22448979591836735
0.22549019607843138
1.0
0.75
0.4
0.3333333333333333
0.375
0.42857142857142855
0.4166666666666667
0.4
0.3611111111111111
0.34210526315789475
0.3023255813953488
0.2765957446808511
0.3148148148148148
0.29310344827586204
0.3125
0.29411764705882354
0.2898550724637681
0.29577464788732394
0.2727272727272727
0.2625
0.24705882352941178
0.24719101123595505
0.24210526315789474
0.24489795918367346
0.24489795918367346
0.25
1.0
1.0
0.75
0.5
0.4
0.3333333333333333
0.2857142857142857
0.32
0.28125
0.2702702702702703
0.3076923076923077
0.30952380952380953
0.2857142857142857
0.29411764705882354
0.2857142857142857
0.2833333333333333
0.27692307692307694
0.2647058823529412
0.2602739726027397
0.2702702702702703
0.2727272727272727
0.25925925925925924
0.2619047619047619
0.25842696629213485
0.2608695652173913
0.2553191489361702
1.0
0.5
0.2727272727272727
0.25
0.21739130434782608
0.1724137931034483
0.15625
0.1794871794871795
0.16666666666666666
0.16279069767441862
0.15217391304347827
0.1875
0.1836734693877551
0.23214285714285715
0.20967741935483872
0.21212121212121213
0.20588235294117646
0.18421052631578946
0.1875
0.18072289156626506
0.17857142857142858
0.1724137931034483
0.17204301075268819
0.16666666666666666
0.16326530612244897
0.16666666666666666
1.0
0.3333333333333333
0.375
0.4
0.26666666666666666
0.25
0.19230769230769232
0.1935483870967742
0.15789473684210525
0.14285714285714285
0.14583333333333334
0.1509433962264151
0.15517241379310345
0.1746031746031746
0.16176470588235295
0.16216216216216217
0.1518987341772152
0.15476190476190477
0.14942528735632185
0.14444444444444443
0.13978494623655913
0.13829787234042554
0.13541666666666666
0.13402061855670103
0.16831683168316833
0.16822429906542055
1.0
0.6666666666666666
0.375
0.4
0.3684210526315789
0.375
0.3103448275862069
0.2727272727272727
0.2702702702702703
0.24390243902439024
0.2222222222222222
0.23529411764705882
0.22641509433962265
0.22807017543859648
0.22807017543859648
0.23728813559322035
0.2222222222222222
0.22857142857142856
0.23943661971830985
0.2328767123287671
0.24
0.26506024096385544
0.2619047619047619
0.26136363636363635
0.26136363636363635
0.26373626373626374
