1.0
0.6666666666666666
0.4
0.25
0.23529411764705882
0.18181818181818182
0.16666666666666666
0.17857142857142858
0.16666666666666666
0.15625
0.15151515151515152
0.16216216216216217
0.17073170731707318
0.17073170731707318
0.15217391304347827
0.1346153846153846
0.13793103448275862
0.13333333333333333
0.12307692307692308
0.14705882352941177
0.14666666666666667
0.14634146341463414
0.13793103448275862
0.13636363636363635
0.14285714285714285
0.1368421052631579
1.0
0.5
0.3333333333333333
0.36363636363636365
0.2857142857142857
0.2222222222222222
0.20833333333333334
0.17857142857142858
0.15625
0.13513513513513514
0.1282051282051282
0.14285714285714285
0.17391304347826086
0.16326530612244897
0.15384615384615385
0.16363636363636364
0.16666666666666666
0.16129032258064516
0.16923076923076924
0.16666666666666666
0.17142857142857143
0.15584415584415584
0.14814814814814814
0.13953488372093023
0.1348314606741573
0.13541666666666666
1.0
0.25
0.3333333333333333
0.15384615384615385
0.1111111111111111
0.12
0.09375
0.08571428571428572
0.08108108108108109
0.075
0.09090909090909091
0.08888888888888889
0.10416666666666667
0.11764705882352941
0.11538461538461539
0.1016949152542373
0.1111111111111111
0.10144927536231885
0.09722222222222222
0.12162162162162163
0.12
0.11392405063291139
0.1111111111111111
0.10975609756097561
0.10344827586206896
0.0989010989010989
1.0
0.16666666666666666
0.1
0.08333333333333333
0.14285714285714285
0.14285714285714285
0.2
0.16666666666666666
0.13043478260869565
0.12
0.11538461538461539
0.10344827586206896
0.11764705882352941
0.13513513513513514
0.12195121951219512
0.13636363636363635
0.14583333333333334
0.16
0.14814814814814814
0.14035087719298245
0.13114754098360656
0.12121212121212122
0.13043478260869565
0.14084507042253522
0.14102564102564102
0.13580246913580246
1.0
0.5
0.2857142857142857
0.16666666666666666
0.13333333333333333
0.11764705882352941
0.09090909090909091
0.14814814814814814
0.13793103448275862
0.16129032258064516
0.18181818181818182
0.17142857142857143
0.1891891891891892
0.18604651162790697
0.16326530612244897
0.16981132075471697
0.15254237288135594
0.14285714285714285
0.13043478260869565
0.12
0.11842105263157894
0.1111111111111111
0.10714285714285714
0.0989010989010989
0.10638297872340426
0.10204081632653061
1.0
0.3333333333333333
0.25
0.25
0.21052631578947367
0.17391304347826086
0.14285714285714285
0.12903225806451613
0.12121212121212122
0.11428571428571428
0.10810810810810811
0.10256410256410256
0.09302325581395349
0.1111111111111111
0.10869565217391304
0.1
0.09090909090909091
0.09090909090909091
0.11290322580645161
0.11940298507462686
0.11267605633802817
0.12162162162162163
0.125
0.11627906976744186
0.10989010989010989
0.10638297872340426
1.0
0.25
0.21428571428571427
0.15
0.12903225806451613
0.11764705882352941
0.10810810810810811
0.1
0.09523809523809523
0.10416666666666667
0.09615384615384616
0.09615384615384616
0.08928571428571429
0.1016949152542373
0.1076923076923077
0.11594202898550725
0.1111111111111111
0.1038961038961039
0.1111111111111111
0.11494252873563218
0.11363636363636363
0.10869565217391304
0.11224489795918367
0.10576923076923077
0.10091743119266056
0.09821428571428571
1.0
0.2
0.25
0.2222222222222222
0.2
0.14285714285714285
0.11538461538461539
0.1
0.09090909090909091
0.08108108108108109
0.07692307692307693
0.07317073170731707
0.06521739130434782
0.08333333333333333
0.08163265306122448
0.09433962264150944
0.1111111111111111
0.1016949152542373
0.0967741935483871
0.09230769230769231
0.1
0.0958904109589041
0.08433734939759036
0.09090909090909091
0.08888888888888889
0.08695652173913043
1.0
0.4
0.2857142857142857
0.15384615384615385
0.2
0.16666666666666666
0.13043478260869565
0.17857142857142858
0.16666666666666666
0.15789473684210525
0.15
0.14285714285714285
0.1276595744680851
0.14285714285714285
0.14
0.1568627450980392
0.14545454545454545
0.13559322033898305
0.13559322033898305
0.14516129032258066
0.15625
0.14705882352941177
0.13333333333333333
0.1282051282051282
0.13253012048192772
0.12790697674418605
1.0
0.5
0.2857142857142857
0.21428571428571427
0.16666666666666666
0.13043478260869565
0.1111111111111111
0.11764705882352941
0.1282051282051282
0.125
0.11627906976744186
0.10638297872340426
0.11538461538461539
0.1206896551724138
0.13114754098360656
0.12121212121212122
0.12121212121212122
0.11428571428571428
0.12162162162162163
0.12987012987012986
0.1282051282051282
0.12195121951219512
0.12941176470588237
0.1348314606741573
0.12371134020618557
0.1188118811881188
