1.0
1.0
0.42857142857142855
0.2857142857142857
0.3333333333333333
0.3684210526315789
0.3181818181818182
0.32
0.3103448275862069
0.3225806451612903
0.30303030303030304
0.2564102564102564
0.2553191489361702
0.24489795918367346
0.2777777777777778
0.2833333333333333
0.2698412698412698
0.25757575757575757
0.2463768115942029
0.25
0.2602739726027397
0.2375
0.23529411764705882
0.23255813953488372
0.22826086956521738
0.2268041237113402
1.0
1.0
0.4
0.2222222222222222
0.14285714285714285
0.2
0.2
0.17391304347826086
0.16129032258064516
0.17142857142857143
0.21052631578947367
0.2
0.18181818181818182
0.2
0.21153846153846154
0.20689655172413793
0.2
0.2153846153846154
0.2
0.1891891891891892
0.17721518987341772
0.17857142857142858
0.19101123595505617
0.1978021978021978
0.1875
0.19801980198019803
1.0
1.0
0.5
0.375
0.36363636363636365
0.2631578947368421
0.2608695652173913
0.24
0.21428571428571427
0.30303030303030304
0.2972972972972973
0.30952380952380953
0.29545454545454547
0.30434782608695654
0.3137254901960784
0.3090909090909091
0.3
0.2878787878787879
0.27941176470588236
0.2777777777777778
0.27631578947368424
0.27848101265822783
0.30120481927710846
0.2976190476190476
0.3258426966292135
0.31521739130434784
1.0
0.625
0.4166666666666667
0.35294117647058826
0.3
0.3181818181818182
0.2692307692307692
0.26666666666666666
0.2647058823529412
0.23684210526315788
0.20454545454545456
0.22448979591836735
0.2631578947368421
0.25862068965517243
0.24242424242424243
0.2328767123287671
0.225
0.21428571428571427
0.21348314606741572
0.21875
0.21428571428571427
0.21212121212121213
0.22
0.21296296296296297
0.22123893805309736
0.21008403361344538
1.0
0.5
0.5
0.5
0.3333333333333333
0.2727272727272727
0.2
0.22727272727272727
0.25
0.23333333333333334
0.2
0.23076923076923078
0.21428571428571427
0.20833333333333334
0.19230769230769232
0.1724137931034483
0.16666666666666666
0.15151515151515152
0.16176470588235295
0.1794871794871795
0.18518518518518517
0.18823529411764706
0.20224719101123595
0.20430107526881722
0.2
0.1919191919191919
1.0
0.5
0.2727272727272727
0.25
0.23076923076923078
0.2631578947368421
0.2727272727272727
0.2692307692307692
0.2903225806451613
0.3333333333333333
0.3157894736842105
0.3111111111111111
0.29411764705882354
0.2631578947368421
0.24193548387096775
0.23076923076923078
0.22727272727272727
0.24285714285714285
0.24675324675324675
0.23170731707317074
0.21348314606741572
0.2222222222222222
0.21875
0.20754716981132076
0.19642857142857142
0.2033898305084746
1.0
0.5
0.3333333333333333
0.23076923076923078
0.2777777777777778
0.2631578947368421
0.30434782608695654
0.3076923076923077
0.3
0.3125
0.29411764705882354
0.2702702702702703
0.25
0.2549019607843137
0.22033898305084745
0.203125
0.2
0.19117647058823528
0.19444444444444445
0.18181818181818182
0.1927710843373494
0.19540229885057472
0.20430107526881722
0.20833333333333334
0.21649484536082475
0.2079207920792079
1.0
0.6666666666666666
0.42857142857142855
0.3076923076923077
0.23529411764705882
0.2
0.14814814814814814
0.2222222222222222
0.20512820512820512
0.23809523809523808
0.21739130434782608
0.2127659574468085
0.21153846153846154
0.2222222222222222
0.20689655172413793
0.2033898305084746
0.2222222222222222
0.2222222222222222
0.22058823529411764
0.2191780821917808
0.2125
0.19767441860465115
0.18478260869565216
0.21052631578947367
0.20618556701030927
0.21359223300970873
1.0
0.2857142857142857
0.36363636363636365
0.2857142857142857
0.2962962962962963
0.23529411764705882
0.20512820512820512
0.21428571428571427
0.19148936170212766
0.22
0.24561403508771928
0.26229508196721313
0.265625
0.2571428571428571
0.24
0.22784810126582278
0.21951219512195122
0.22727272727272727
0.23333333333333334
0.22340425531914893
0.21875
0.21649484536082475
0.21428571428571427
0.22330097087378642
0.2169811320754717
0.22123893805309736
1.0
1.0
0.6
0.625
0.45454545454545453
0.3125
0.25
0.21739130434782608
0.20833333333333334
0.18518518518518517
0.26666666666666666
0.2571428571428571
0.23684210526315788
0.24390243902439024
0.2727272727272727
0.2765957446808511
0.2549019607843137
0.2545454545454545
0.23728813559322035
0.2153846153846154
0.2028985507246377
0.19444444444444445
0.21052631578947367
0.2073170731707317
0.2159090909090909
0.21348314606741572
