1.0
0.3333333333333333
0.16666666666666666
0.2222222222222222
0.2
0.22727272727272727
0.20833333333333334
0.18518518518518517
0.15625
0.13513513513513514
0.13513513513513514
0.15789473684210525
0.16279069767441862
0.15217391304347827
0.17647058823529413
0.16981132075471697
0.15789473684210525
0.15384615384615385
0.16417910447761194
0.1527777777777778
0.14473684210526316
0.14102564102564102
0.1375
0.1411764705882353
0.13953488372093023
0.1348314606741573
1.0
0.5714285714285714
0.36363636363636365
0.3076923076923077
0.23529411764705882
0.18181818181818182
0.19230769230769232
0.17857142857142858
0.15625
0.175
0.19047619047619047
0.2
0.19607843137254902
0.19642857142857142
0.22580645161290322
0.21875
0.2028985507246377
0.20270270270270271
0.19480519480519481
0.1875
0.1724137931034483
0.18681318681318682
0.17894736842105263
0.17525773195876287
0.18811881188118812
0.19047619047619047
1.0
1.0
0.6
0.4
0.375
0.3181818181818182
0.25
0.23333333333333334
0.24242424242424243
0.2222222222222222
0.23076923076923078
0.25
0.23255813953488372
0.2391304347826087
0.22
0.20754716981132076
0.19642857142857142
0.19298245614035087
0.1875
0.19402985074626866
0.1780821917808219
0.18181818181818182
0.175
0.17073170731707318
0.16666666666666666
0.15730337078651685
1.0
0.2
0.2
0.14285714285714285
0.2
0.22727272727272727
0.2413793103448276
0.2727272727272727
0.2571428571428571
0.225
0.21428571428571427
0.20930232558139536
0.1956521739130435
0.19230769230769232
0.18518518518518517
0.1724137931034483
0.16129032258064516
0.14925373134328357
0.15714285714285714
0.1643835616438356
0.16
0.15584415584415584
0.15
0.14285714285714285
0.14444444444444443
0.14444444444444443
1.0
0.5
0.2857142857142857
0.16666666666666666
0.15789473684210525
0.19047619047619047
0.19047619047619047
0.15384615384615385
0.12903225806451613
0.10810810810810811
0.11904761904761904
0.11627906976744186
0.10416666666666667
0.11538461538461539
0.10714285714285714
0.11290322580645161
0.12121212121212122
0.13043478260869565
0.125
0.11842105263157894
0.12941176470588237
0.14942528735632185
0.1702127659574468
0.16
0.16666666666666666
0.1619047619047619
1.0
0.75
0.2727272727272727
0.26666666666666666
0.23529411764705882
0.3
0.23076923076923078
0.20689655172413793
0.21212121212121213
0.20588235294117646
0.1794871794871795
0.16279069767441862
0.15555555555555556
0.14285714285714285
0.1568627450980392
0.18867924528301888
0.1896551724137931
0.18333333333333332
0.16666666666666666
0.1527777777777778
0.15789473684210525
0.15789473684210525
0.16049382716049382
0.1566265060240964
0.14942528735632185
0.13978494623655913
1.0
0.6666666666666666
0.5
0.38461538461538464
0.3157894736842105
0.25
0.25925925925925924
0.21875
0.21212121212121213
0.21212121212121213
0.21212121212121213
0.20588235294117646
0.2222222222222222
0.20512820512820512
0.23404255319148937
0.21568627450980393
0.22641509433962265
0.21818181818181817
0.21428571428571427
0.2033898305084746
0.21212121212121213
0.2112676056338028
0.21333333333333335
0.225
0.21428571428571427
0.20689655172413793
1.0
1.0
0.625
0.46153846153846156
0.42857142857142855
0.35294117647058826
0.3333333333333333
0.30434782608695654
0.2857142857142857
0.2903225806451613
0.29411764705882354
0.2857142857142857
0.2857142857142857
0.2727272727272727
0.24489795918367346
0.2222222222222222
0.22033898305084745
0.208955223880597
0.2
0.1891891891891892
0.17721518987341772
0.16666666666666666
0.15730337078651685
0.16304347826086957
0.1595744680851064
0.16161616161616163
1.0
0.6666666666666666
0.5714285714285714
0.4444444444444444
0.2857142857142857
0.2777777777777778
0.25
0.23809523809523808
0.19230769230769232
0.17857142857142858
0.2222222222222222
0.19047619047619047
0.17777777777777778
0.17391304347826086
0.1836734693877551
0.2
0.2
0.2037037037037037
0.2
0.18333333333333332
0.1746031746031746
0.18840579710144928
0.17567567567567569
0.1625
0.16470588235294117
0.1590909090909091
1.0
1.0
0.6
0.42857142857142855
0.3333333333333333
0.2857142857142857
0.3333333333333333
0.2857142857142857
0.2608695652173913
0.20689655172413793
0.2
0.2
0.1891891891891892
0.24390243902439024
0.22916666666666666
0.21568627450980393
0.2
0.1864406779661017
0.1746031746031746
0.16176470588235295
0.15714285714285714
0.1527777777777778
0.14666666666666667
0.15
0.14814814814814814
0.14285714285714285
