1.0
0.3333333333333333
0.25
0.2777777777777778
0.25
0.2727272727272727
0.25
0.2222222222222222
0.1875
0.16216216216216217
0.16216216216216217
0.18421052631578946
0.18604651162790697
0.17391304347826086
0.19607843137254902
0.18867924528301888
0.17543859649122806
0.2
0.208955223880597
0.19444444444444445
0.21052631578947367
0.20512820512820512
0.2
0.2
0.20930232558139536
0.20224719101123595
1.0
0.5714285714285714
0.45454545454545453
0.46153846153846156
0.4117647058823529
0.3181818181818182
0.3076923076923077
0.2857142857142857
0.25
0.25
0.2619047619047619
0.26666666666666666
0.2549019607843137
0.25
0.27419354838709675
0.265625
0.2608695652173913
0.25675675675675674
0.2597402597402597
0.2625
0.2413793103448276
0.25274725274725274
0.24210526315789474
0.23711340206185566
0.24752475247524752
0.24761904761904763
1.0
1.0
0.6
0.4666666666666667
0.4375
0.36363636363636365
0.2857142857142857
0.26666666666666666
0.2727272727272727
0.2777777777777778
0.28205128205128205
0.3
0.3023255813953488
0.32608695652173914
0.34
0.32075471698113206
0.30357142857142855
0.2982456140350877
0.296875
0.31343283582089554
0.3013698630136986
0.3116883116883117
0.3125
0.3048780487804878
0.2976190476190476
0.3146067415730337
1.0
0.4
0.4
0.42857142857142855
0.4666666666666667
0.45454545454545453
0.41379310344827586
0.42424242424242425
0.4
0.35
0.35714285714285715
0.3488372093023256
0.32608695652173914
0.3076923076923077
0.2962962962962963
0.27586206896551724
0.25806451612903225
0.23880597014925373
0.2571428571428571
0.2602739726027397
0.25333333333333335
0.2597402597402597
0.275
0.2619047619047619
0.25555555555555554
0.25555555555555554
1.0
0.5
0.42857142857142855
0.3333333333333333
0.2631578947368421
0.2857142857142857
0.2857142857142857
0.23076923076923078
0.1935483870967742
0.1891891891891892
0.19047619047619047
0.18604651162790697
0.16666666666666666
0.17307692307692307
0.17857142857142858
0.1774193548387097
0.18181818181818182
0.18840579710144928
0.18055555555555555
0.17105263157894737
0.17647058823529413
0.19540229885057472
0.2127659574468085
0.2
0.20588235294117646
0.2
1.0
0.75
0.2727272727272727
0.26666666666666666
0.23529411764705882
0.3
0.23076923076923078
0.20689655172413793
0.21212121212121213
0.20588235294117646
0.1794871794871795
0.16279069767441862
0.15555555555555556
0.14285714285714285
0.1568627450980392
0.18867924528301888
0.1896551724137931
0.18333333333333332
0.18181818181818182
0.16666666666666666
0.17105263157894737
0.17105263157894737
0.1728395061728395
0.1686746987951807
0.16091954022988506
0.15053763440860216
1.0
0.6666666666666666
0.5
0.38461538461538464
0.3157894736842105
0.25
0.25925925925925924
0.21875
0.21212121212121213
0.21212121212121213
0.21212121212121213
0.20588235294117646
0.2222222222222222
0.20512820512820512
0.23404255319148937
0.23529411764705882
0.24528301886792453
0.23636363636363636
0.23214285714285715
0.22033898305084745
0.22727272727272727
0.22535211267605634
0.25333333333333335
0.2625
0.25
0.2413793103448276
1.0
1.0
0.75
0.5384615384615384
0.5
0.4117647058823529
0.38095238095238093
0.34782608695652173
0.32142857142857145
0.3225806451612903
0.3235294117647059
0.3142857142857143
0.30952380952380953
0.3409090909090909
0.30612244897959184
0.2777777777777778
0.2711864406779661
0.26865671641791045
0.2714285714285714
0.25675675675675674
0.26582278481012656
0.25
0.24719101123595505
0.25
0.24468085106382978
0.25252525252525254
1.0
0.6666666666666666
0.5714285714285714
0.4444444444444444
0.35714285714285715
0.3333333333333333
0.35
0.3333333333333333
0.2692307692307692
0.25
0.2777777777777778
0.23809523809523808
0.2222222222222222
0.21739130434782608
0.22448979591836735
0.24
0.24
0.25925925925925924
0.2545454545454545
0.25
0.23809523809523808
0.2608695652173913
0.24324324324324326
0.2375
0.24705882352941178
0.23863636363636365
1.0
1.0
0.6
0.42857142857142855
0.3333333333333333
0.2857142857142857
0.3333333333333333
0.3333333333333333
0.30434782608695654
0.2413793103448276
0.23333333333333334
0.22857142857142856
0.21621621621621623
0.2682926829268293
0.25
0.23529411764705882
0.21818181818181817
0.22033898305084745
0.20634920634920634
0.19117647058823528
0.18571428571428572
0.18055555555555555
0.17333333333333334
0.2
0.19753086419753085
0.19047619047619047
