1.0
0.5714285714285714
0.4166666666666667
0.3125
0.3333333333333333
0.34782608695652173
0.32
0.3448275862068966
0.3333333333333333
0.2894736842105263
0.2558139534883721
0.2708333333333333
0.2549019607843137
0.2727272727272727
0.26785714285714285
0.265625
0.2676056338028169
0.2638888888888889
0.26666666666666666
0.26582278481012656
0.27710843373493976
0.26136363636363635
0.2608695652173913
0.24489795918367346
0.24509803921568626
0.24528301886792453
1.0
0.5
0.2
0.375
0.3076923076923077
0.2857142857142857
0.2777777777777778
0.2631578947368421
0.25
0.2413793103448276
0.23529411764705882
0.21621621621621623
0.225
0.25
0.24489795918367346
0.23636363636363636
0.22950819672131148
0.2
0.1891891891891892
0.21518987341772153
0.19767441860465115
0.18888888888888888
0.1827956989247312
0.17894736842105263
0.18
0.17647058823529413
1.0
0.25
0.4
0.38461538461538464
0.35294117647058826
0.3333333333333333
0.3076923076923077
0.26666666666666666
0.23529411764705882
0.21951219512195122
0.2127659574468085
0.22448979591836735
0.2222222222222222
0.22413793103448276
0.25806451612903225
0.25757575757575757
0.24
0.23076923076923078
0.22784810126582278
0.2289156626506024
0.2087912087912088
0.20202020202020202
0.20202020202020202
0.21
0.21
0.23076923076923078
1.0
0.5
0.4
0.4
0.3333333333333333
0.28
0.22580645161290322
0.24324324324324326
0.24390243902439024
0.2222222222222222
0.2222222222222222
0.20754716981132076
0.19298245614035087
0.1746031746031746
0.1791044776119403
0.2054794520547945
0.21052631578947367
0.22077922077922077
0.20238095238095238
0.20454545454545456
0.20430107526881722
0.21875
0.21568627450980393
0.2169811320754717
0.21621621621621623
0.20689655172413793
1.0
0.6666666666666666
0.6666666666666666
0.5
0.42857142857142855
0.375
0.36363636363636365
0.4
0.42857142857142855
0.35294117647058826
0.34285714285714286
0.34285714285714286
0.34210526315789475
0.3409090909090909
0.32653061224489793
0.3137254901960784
0.2909090909090909
0.288135593220339
0.2786885245901639
0.26865671641791045
0.2714285714285714
0.25675675675675674
0.2804878048780488
0.26744186046511625
0.25842696629213485
0.25
1.0
0.75
0.6666666666666666
0.4444444444444444
0.36363636363636365
0.3076923076923077
0.35294117647058826
0.3333333333333333
0.2916666666666667
0.22580645161290322
0.2571428571428571
0.23076923076923078
0.23809523809523808
0.23255813953488372
0.2391304347826087
0.2222222222222222
0.21818181818181817
0.22033898305084745
0.22950819672131148
0.2153846153846154
0.2318840579710145
0.22857142857142856
0.2191780821917808
0.21794871794871795
0.2073170731707317
0.2159090909090909
1.0
1.0
0.75
0.5714285714285714
0.4
0.2857142857142857
0.2777777777777778
0.20833333333333334
0.19230769230769232
0.2
0.21875
0.20588235294117646
0.1951219512195122
0.1956521739130435
0.20408163265306123
0.19607843137254902
0.21428571428571427
0.21428571428571427
0.22950819672131148
0.23880597014925373
0.22535211267605634
0.2361111111111111
0.22666666666666666
0.23376623376623376
0.2375
0.22093023255813954
1.0
0.4
0.3333333333333333
0.2727272727272727
0.3333333333333333
0.2857142857142857
0.25925925925925924
0.23333333333333334
0.2
0.21052631578947367
0.20512820512820512
0.20930232558139536
0.21739130434782608
0.21568627450980393
0.21666666666666667
0.22950819672131148
0.22727272727272727
0.21428571428571427
0.2054794520547945
0.2077922077922078
0.19753086419753085
0.19767441860465115
0.19540229885057472
0.19148936170212766
0.18556701030927836
0.18627450980392157
1.0
0.75
0.5
0.5
0.4166666666666667
0.4
0.38095238095238093
0.34782608695652173
0.32142857142857145
0.3225806451612903
0.34375
0.32432432432432434
0.3
0.2727272727272727
0.24
0.25925925925925924
0.25
0.25806451612903225
0.2318840579710145
0.22535211267605634
0.22077922077922077
0.22093023255813954
0.2222222222222222
0.2127659574468085
0.20618556701030927
0.21
1.0
0.5
0.25
0.4
0.36363636363636365
0.26666666666666666
0.2777777777777778
0.30434782608695654
0.3
0.3125
0.28205128205128205
0.2682926829268293
0.2391304347826087
0.24
0.24528301886792453
0.23636363636363636
0.2542372881355932
0.265625
0.26865671641791045
0.2571428571428571
0.2602739726027397
0.2631578947368421
0.25316455696202533
0.25
0.25
0.24731182795698925
