1.0
0.42857142857142855
0.3333333333333333
0.25
0.2222222222222222
0.2608695652173913
0.24
0.27586206896551724
0.2727272727272727
0.23684210526315788
0.20930232558139536
0.22916666666666666
0.21568627450980393
0.21818181818181817
0.21428571428571427
0.21875
0.22535211267605634
0.2222222222222222
0.22666666666666666
0.22784810126582278
0.2289156626506024
0.2159090909090909
0.20652173913043478
0.19387755102040816
0.18627450980392157
0.18867924528301888
1.0
0.5
0.2
0.375
0.3076923076923077
0.2857142857142857
0.2222222222222222
0.21052631578947367
0.20833333333333334
0.20689655172413793
0.20588235294117646
0.1891891891891892
0.2
0.22727272727272727
0.22448979591836735
0.2
0.19672131147540983
0.17142857142857143
0.16216216216216217
0.17721518987341772
0.16279069767441862
0.15555555555555556
0.15053763440860216
0.14736842105263157
0.15
0.14705882352941177
1.0
0.25
0.2
0.15384615384615385
0.17647058823529413
0.16666666666666666
0.19230769230769232
0.16666666666666666
0.14705882352941177
0.12195121951219512
0.1276595744680851
0.14285714285714285
0.14814814814814814
0.15517241379310345
0.1774193548387097
0.18181818181818182
0.16
0.15384615384615385
0.1518987341772152
0.14457831325301204
0.13186813186813187
0.13131313131313133
0.13131313131313133
0.14
0.14
0.15384615384615385
1.0
0.5
0.4
0.3333333333333333
0.2777777777777778
0.24
0.1935483870967742
0.1891891891891892
0.1951219512195122
0.17777777777777778
0.17777777777777778
0.1509433962264151
0.14035087719298245
0.12698412698412698
0.13432835820895522
0.1506849315068493
0.15789473684210525
0.15584415584415584
0.14285714285714285
0.14772727272727273
0.15053763440860216
0.16666666666666666
0.16666666666666666
0.16981132075471697
0.17117117117117117
0.16379310344827586
1.0
0.6666666666666666
0.6666666666666666
0.4
0.2857142857142857
0.25
0.22727272727272727
0.2
0.21428571428571427
0.17647058823529413
0.17142857142857143
0.17142857142857143
0.18421052631578946
0.18181818181818182
0.1836734693877551
0.17647058823529413
0.16363636363636364
0.1694915254237288
0.16393442622950818
0.16417910447761194
0.17142857142857143
0.16216216216216217
0.1951219512195122
0.18604651162790697
0.1797752808988764
0.17391304347826086
1.0
0.75
0.6666666666666666
0.4444444444444444
0.36363636363636365
0.3076923076923077
0.35294117647058826
0.3333333333333333
0.2916666666666667
0.22580645161290322
0.2571428571428571
0.23076923076923078
0.23809523809523808
0.23255813953488372
0.2391304347826087
0.2222222222222222
0.21818181818181817
0.2033898305084746
0.19672131147540983
0.18461538461538463
0.2028985507246377
0.2
0.1917808219178082
0.1794871794871795
0.17073170731707318
0.17045454545454544
1.0
1.0
0.75
0.5714285714285714
0.4
0.2857142857142857
0.2777777777777778
0.20833333333333334
0.19230769230769232
0.16666666666666666
0.1875
0.17647058823529413
0.14634146341463414
0.15217391304347827
0.16326530612244897
0.1568627450980392
0.16071428571428573
0.16071428571428573
0.18032786885245902
0.1791044776119403
0.16901408450704225
0.16666666666666666
0.16
0.16883116883116883
0.175
0.16279069767441862
1.0
0.2
0.2222222222222222
0.18181818181818182
0.26666666666666666
0.23809523809523808
0.18518518518518517
0.16666666666666666
0.14285714285714285
0.15789473684210525
0.15384615384615385
0.16279069767441862
0.17391304347826086
0.17647058823529413
0.18333333333333332
0.19672131147540983
0.19696969696969696
0.18571428571428572
0.1780821917808219
0.16883116883116883
0.16049382716049382
0.16279069767441862
0.16091954022988506
0.1595744680851064
0.15463917525773196
0.1568627450980392
1.0
0.5
0.375
0.4
0.3333333333333333
0.3333333333333333
0.2857142857142857
0.2608695652173913
0.21428571428571427
0.22580645161290322
0.25
0.21621621621621623
0.2
0.18181818181818182
0.16
0.18518518518518517
0.18333333333333332
0.1774193548387097
0.15942028985507245
0.15492957746478872
0.14285714285714285
0.13953488372093023
0.14444444444444443
0.13829787234042554
0.13402061855670103
0.13
1.0
0.25
0.125
0.3
0.2727272727272727
0.2
0.2222222222222222
0.21739130434782608
0.23333333333333334
0.21875
0.20512820512820512
0.1951219512195122
0.17391304347826086
0.16
0.16981132075471697
0.16363636363636364
0.1694915254237288
0.1875
0.1791044776119403
0.17142857142857143
0.1780821917808219
0.17105263157894737
0.16455696202531644
0.16666666666666666
0.17045454545454544
0.16129032258064516
