1.0
0.5
0.3
0.23076923076923078
0.2
0.14285714285714285
0.12
0.1
0.08823529411764706
0.08108108108108109
0.09302325581395349
0.08695652173913043
0.07692307692307693
0.07407407407407407
0.07142857142857142
0.0847457627118644
0.08064516129032258
0.09090909090909091
0.08450704225352113
0.09722222222222222
0.09090909090909091
0.08641975308641975
0.09523809523809523
0.09411764705882353
0.09411764705882353
0.09195402298850575
1.0
0.6666666666666666
0.2222222222222222
0.16666666666666666
0.15384615384615385
0.16666666666666666
0.13636363636363635
0.11538461538461539
0.09090909090909091
0.08571428571428572
0.08108108108108109
0.07142857142857142
0.06382978723404255
0.061224489795918366
0.07547169811320754
0.06779661016949153
0.07936507936507936
0.07462686567164178
0.08571428571428572
0.08
0.07692307692307693
0.075
0.08045977011494253
0.08888888888888889
0.08695652173913043
0.09090909090909091
1.0
0.42857142857142855
0.3076923076923077
0.25
0.23529411764705882
0.2727272727272727
0.23076923076923078
0.22580645161290322
0.21212121212121213
0.18421052631578946
0.16279069767441862
0.17391304347826086
0.16
0.15384615384615385
0.16071428571428573
0.15
0.15625
0.14285714285714285
0.14864864864864866
0.14285714285714285
0.14102564102564102
0.13253012048192772
0.125
0.12359550561797752
0.125
0.13
1.0
0.5
0.3
0.2
0.21052631578947367
0.17391304347826086
0.1724137931034483
0.15625
0.1282051282051282
0.1111111111111111
0.10869565217391304
0.09615384615384616
0.0847457627118644
0.09836065573770492
0.09375
0.08695652173913043
0.0821917808219178
0.07894736842105263
0.075
0.07407407407407407
0.07317073170731707
0.09302325581395349
0.0898876404494382
0.08695652173913043
0.09278350515463918
0.09090909090909091
1.0
0.6
0.4444444444444444
0.3076923076923077
0.23529411764705882
0.18181818181818182
0.17857142857142858
0.15151515151515152
0.15789473684210525
0.14285714285714285
0.13333333333333333
0.11320754716981132
0.10526315789473684
0.1
0.109375
0.09859154929577464
0.10526315789473684
0.0963855421686747
0.08888888888888889
0.08695652173913043
0.0851063829787234
0.08737864077669903
0.08333333333333333
0.0782608695652174
0.075
0.07317073170731707
1.0
0.6
0.42857142857142855
0.25
0.21052631578947367
0.16
0.14814814814814814
0.13333333333333333
0.15151515151515152
0.1388888888888889
0.13513513513513514
0.17073170731707318
0.16279069767441862
0.15217391304347827
0.13725490196078433
0.11864406779661017
0.12307692307692308
0.1323529411764706
0.13157894736842105
0.125
0.11764705882352941
0.11494252873563218
0.10989010989010989
0.10638297872340426
0.10101010101010101
0.10679611650485436
1.0
0.3333333333333333
0.5
0.42857142857142855
0.3
0.23076923076923078
0.17647058823529413
0.17391304347826086
0.14285714285714285
0.12903225806451613
0.11428571428571428
0.1111111111111111
0.125
0.14285714285714285
0.1276595744680851
0.12
0.1320754716981132
0.1206896551724138
0.11290322580645161
0.10294117647058823
0.0945945945945946
0.09090909090909091
0.08860759493670886
0.10112359550561797
0.0967741935483871
0.09473684210526316
1.0
0.5
0.2222222222222222
0.21428571428571427
0.17647058823529413
0.15
0.16
0.14814814814814814
0.15625
0.15151515151515152
0.12195121951219512
0.11627906976744186
0.1276595744680851
0.14
0.12962962962962962
0.13793103448275862
0.13559322033898305
0.140625
0.1323529411764706
0.1388888888888889
0.136986301369863
0.1375
0.13253012048192772
0.125
0.11956521739130435
0.11458333333333333
1.0
1.0
0.6666666666666666
0.5714285714285714
0.4444444444444444
0.36363636363636365
0.3333333333333333
0.23529411764705882
0.19047619047619047
0.17391304347826086
0.16666666666666666
0.14705882352941177
0.14285714285714285
0.17073170731707318
0.16666666666666666
0.15555555555555556
0.15384615384615385
0.15517241379310345
0.14516129032258066
0.140625
0.13846153846153847
0.1323529411764706
0.14084507042253522
0.13513513513513514
0.125
0.13253012048192772
1.0
0.5
0.25
0.16666666666666666
0.14285714285714285
0.11764705882352941
0.10526315789473684
0.1
0.08695652173913043
0.07407407407407407
0.0967741935483871
0.0967741935483871
0.08571428571428572
0.1282051282051282
0.11904761904761904
0.11627906976744186
0.10416666666666667
0.09615384615384616
0.09615384615384616
0.10344827586206896
0.109375
0.11594202898550725
0.12162162162162163
0.11688311688311688
0.1125
0.11764705882352941
