1.0
0.5
0.2
0.14285714285714285
0.14285714285714285
0.125
0.10344827586206896
0.09375
0.08823529411764706
0.08108108108108109
0.07894736842105263
0.0975609756097561
0.0975609756097561
0.12
0.1111111111111111
0.1016949152542373
0.09230769230769231
0.1044776119402985
0.0945945945945946
0.08860759493670886
0.08536585365853659
0.08139534883720931
0.07954545454545454
0.07954545454545454
0.07608695652173914
0.0707070707070707
1.0
0.16666666666666666
0.18181818181818182
0.15789473684210525
0.13636363636363635
0.14285714285714285
0.12121212121212122
0.10810810810810811
0.12195121951219512
0.10416666666666667
0.09433962264150944
0.0847457627118644
0.0967741935483871
0.09230769230769231
0.10294117647058823
0.1038961038961039
0.0975609756097561
0.10344827586206896
0.10112359550561797
0.10101010101010101
0.09900990099009901
0.09523809523809523
0.09174311926605505
0.08849557522123894
0.08620689655172414
0.09016393442622951
1.0
0.2857142857142857
0.18181818181818182
0.21428571428571427
0.17647058823529413
0.21052631578947367
0.20833333333333334
0.18518518518518517
0.16666666666666666
0.14705882352941177
0.13157894736842105
0.13953488372093023
0.11764705882352941
0.12280701754385964
0.11475409836065574
0.11290322580645161
0.109375
0.10144927536231885
0.1038961038961039
0.0963855421686747
0.09090909090909091
0.09473684210526316
0.09803921568627451
0.09433962264150944
0.09090909090909091
0.08771929824561403
1.0
0.4
0.3333333333333333
0.25
0.25
0.17647058823529413
0.16666666666666666
0.15
0.125
0.11538461538461539
0.1
0.09090909090909091
0.08333333333333333
0.11904761904761904
0.11627906976744186
0.10204081632653061
0.09803921568627451
0.125
0.12698412698412698
0.11940298507462686
0.1095890410958904
0.11842105263157894
0.12345679012345678
0.11764705882352941
0.11494252873563218
0.11956521739130435
1.0
0.25
0.2222222222222222
0.14285714285714285
0.1111111111111111
0.09523809523809523
0.07407407407407407
0.058823529411764705
0.07692307692307693
0.07142857142857142
0.06521739130434782
0.06
0.057692307692307696
0.05357142857142857
0.05
0.046875
0.05714285714285714
0.056338028169014086
0.07894736842105263
0.07317073170731707
0.07058823529411765
0.06818181818181818
0.07608695652173914
0.07368421052631578
0.08
0.0784313725490196
1.0
0.3333333333333333
0.25
0.2
0.21428571428571427
0.13636363636363635
0.15384615384615385
0.12903225806451613
0.10810810810810811
0.1
0.08888888888888889
0.08
0.07142857142857142
0.08333333333333333
0.07936507936507936
0.07575757575757576
0.08955223880597014
0.09722222222222222
0.10256410256410256
0.0963855421686747
0.10714285714285714
0.10227272727272728
0.0989010989010989
0.09278350515463918
0.08823529411764706
0.09523809523809523
1.0
0.3333333333333333
0.2857142857142857
0.2857142857142857
0.3333333333333333
0.23076923076923078
0.1875
0.14285714285714285
0.125
0.11538461538461539
0.14285714285714285
0.13333333333333333
0.13333333333333333
0.12903225806451613
0.14705882352941177
0.1388888888888889
0.1794871794871795
0.15555555555555556
0.14285714285714285
0.125
0.12280701754385964
0.13114754098360656
0.12307692307692308
0.12121212121212122
0.11764705882352941
0.10810810810810811
1.0
0.42857142857142855
0.25
0.23076923076923078
0.21428571428571427
0.15789473684210525
0.13636363636363635
0.13333333333333333
0.11428571428571428
0.1
0.09523809523809523
0.10869565217391304
0.1
0.09090909090909091
0.1016949152542373
0.11475409836065574
0.109375
0.12121212121212122
0.11764705882352941
0.12162162162162163
0.11842105263157894
0.11538461538461539
0.125
0.13095238095238096
0.13333333333333333
0.1276595744680851
1.0
0.6666666666666666
0.3333333333333333
0.16666666666666666
0.125
0.09523809523809523
0.08333333333333333
0.06896551724137931
0.06451612903225806
0.05555555555555555
0.08108108108108109
0.07317073170731707
0.07142857142857142
0.08163265306122448
0.07272727272727272
0.0625
0.06060606060606061
0.08450704225352113
0.08108108108108109
0.08860759493670886
0.0963855421686747
0.09411764705882353
0.09090909090909091
0.0851063829787234
0.09278350515463918
0.10101010101010101
1.0
0.75
0.3333333333333333
0.3333333333333333
0.2
0.16
0.14285714285714285
0.125
0.1388888888888889
0.11627906976744186
0.10204081632653061
0.11320754716981132
0.10526315789473684
0.1016949152542373
0.09523809523809523
0.10294117647058823
0.0945945945945946
0.08860759493670886
0.0875
0.08641975308641975
0.08536585365853659
0.08235294117647059
0.08139534883720931
0.07608695652173914
0.08333333333333333
0.08080808080808081
