1.0
1.0
0.42857142857142855
0.2857142857142857
0.3333333333333333
0.3157894736842105
0.2727272727272727
0.28
0.27586206896551724
0.2903225806451613
0.2727272727272727
0.23076923076923078
0.19148936170212766
0.1836734693877551
0.2222222222222222
0.23333333333333334
0.2222222222222222
0.21212121212121213
0.2028985507246377
0.20833333333333334
0.2191780821917808
0.2
0.2
0.19767441860465115
0.1956521739130435
0.1958762886597938
1.0
1.0
0.4
0.2222222222222222
0.14285714285714285
0.2
0.2
0.17391304347826086
0.16129032258064516
0.17142857142857143
0.21052631578947367
0.2
0.18181818181818182
0.18
0.19230769230769232
0.1724137931034483
0.16666666666666666
0.18461538461538463
0.17142857142857143
0.16216216216216217
0.1518987341772152
0.14285714285714285
0.15730337078651685
0.16483516483516483
0.15625
0.15841584158415842
1.0
1.0
0.5
0.375
0.2727272727272727
0.21052631578947367
0.21739130434782608
0.2
0.17857142857142858
0.21212121212121213
0.1891891891891892
0.21428571428571427
0.20454545454545456
0.21739130434782608
0.23529411764705882
0.23636363636363636
0.21666666666666667
0.19696969696969696
0.19117647058823528
0.18055555555555555
0.17105263157894737
0.17721518987341772
0.1927710843373494
0.19047619047619047
0.20224719101123595
0.1956521739130435
1.0
0.5
0.3333333333333333
0.29411764705882354
0.25
0.22727272727272727
0.19230769230769232
0.16666666666666666
0.17647058823529413
0.15789473684210525
0.13636363636363635
0.12244897959183673
0.12280701754385964
0.1206896551724138
0.12121212121212122
0.1095890410958904
0.1125
0.10714285714285714
0.11235955056179775
0.10416666666666667
0.10204081632653061
0.10101010101010101
0.1
0.09259259259259259
0.10619469026548672
0.10084033613445378
1.0
0.5
0.5
0.5
0.3333333333333333
0.2727272727272727
0.2
0.22727272727272727
0.25
0.23333333333333334
0.2
0.23076923076923078
0.21428571428571427
0.20833333333333334
0.19230769230769232
0.1724137931034483
0.16666666666666666
0.15151515151515152
0.16176470588235295
0.16666666666666666
0.1728395061728395
0.17647058823529413
0.1797752808988764
0.17204301075268819
0.16842105263157894
0.16161616161616163
1.0
0.5
0.18181818181818182
0.16666666666666666
0.15384615384615385
0.10526315789473684
0.13636363636363635
0.15384615384615385
0.16129032258064516
0.18181818181818182
0.18421052631578946
0.17777777777777778
0.1568627450980392
0.14035087719298245
0.12903225806451613
0.12307692307692308
0.12121212121212122
0.14285714285714285
0.14285714285714285
0.13414634146341464
0.12359550561797752
0.13333333333333333
0.13541666666666666
0.1320754716981132
0.125
0.1271186440677966
1.0
0.25
0.16666666666666666
0.15384615384615385
0.16666666666666666
0.15789473684210525
0.17391304347826086
0.15384615384615385
0.13333333333333333
0.125
0.11764705882352941
0.10810810810810811
0.11363636363636363
0.13725490196078433
0.11864406779661017
0.109375
0.1076923076923077
0.10294117647058823
0.1111111111111111
0.1038961038961039
0.12048192771084337
0.12643678160919541
0.13978494623655913
0.14583333333333334
0.15463917525773196
0.1485148514851485
1.0
0.3333333333333333
0.2857142857142857
0.23076923076923078
0.17647058823529413
0.15
0.1111111111111111
0.16666666666666666
0.15384615384615385
0.14285714285714285
0.13043478260869565
0.1276595744680851
0.1346153846153846
0.14814814814814814
0.13793103448275862
0.13559322033898305
0.12698412698412698
0.12698412698412698
0.11764705882352941
0.1232876712328767
0.125
0.11627906976744186
0.10869565217391304
0.12631578947368421
0.12371134020618557
0.1262135922330097
1.0
0.2857142857142857
0.2727272727272727
0.23809523809523808
0.25925925925925924
0.20588235294117646
0.1794871794871795
0.16666666666666666
0.14893617021276595
0.14
0.15789473684210525
0.18032786885245902
0.1875
0.18571428571428572
0.17333333333333334
0.16455696202531644
0.15853658536585366
0.17045454545454544
0.17777777777777778
0.1702127659574468
0.16666666666666666
0.16494845360824742
0.16326530612244897
0.1650485436893204
0.16037735849056603
0.168141592920354
1.0
1.0
0.6
0.5
0.36363636363636365
0.25
0.2
0.17391304347826086
0.16666666666666666
0.14814814814814814
0.16666666666666666
0.17142857142857143
0.15789473684210525
0.14634146341463414
0.1590909090909091
0.1702127659574468
0.1568627450980392
0.16363636363636364
0.15254237288135594
0.13846153846153847
0.13043478260869565
0.125
0.14473684210526316
0.13414634146341464
0.125
0.12359550561797752
