1.0
0.42857142857142855
0.3333333333333333
0.38461538461538464
0.3333333333333333
0.3
0.3076923076923077
0.32142857142857145
0.3125
0.2564102564102564
0.26666666666666666
0.24489795918367346
0.22807017543859648
0.20967741935483872
0.24242424242424243
0.23880597014925373
0.22535211267605634
0.2191780821917808
0.21794871794871795
0.21686746987951808
0.23255813953488372
0.2247191011235955
0.22340425531914893
0.21649484536082475
0.2079207920792079
0.20588235294117646
1.0
0.3333333333333333
0.3
0.25
0.19047619047619047
0.17391304347826086
0.16
0.14814814814814814
0.16666666666666666
0.2222222222222222
0.25
0.22727272727272727
0.20408163265306123
0.18867924528301888
0.22950819672131148
0.20833333333333334
0.19230769230769232
0.19753086419753085
0.1951219512195122
0.18604651162790697
0.2087912087912088
0.21052631578947367
0.2
0.2079207920792079
0.20192307692307693
0.20952380952380953
1.0
0.8
0.45454545454545453
0.2777777777777778
0.22727272727272727
0.2857142857142857
0.2903225806451613
0.2972972972972973
0.3170731707317073
0.2708333333333333
0.2549019607843137
0.2545454545454545
0.27419354838709675
0.2537313432835821
0.24285714285714285
0.2361111111111111
0.25
0.24705882352941178
0.24444444444444444
0.24731182795698925
0.24742268041237114
0.24489795918367346
0.24752475247524752
0.2641509433962264
0.25225225225225223
0.25
1.0
0.6666666666666666
0.375
0.23076923076923078
0.1875
0.17391304347826086
0.16666666666666666
0.14814814814814814
0.1875
0.2222222222222222
0.20512820512820512
0.21951219512195122
0.2127659574468085
0.22
0.2222222222222222
0.21428571428571427
0.2033898305084746
0.21311475409836064
0.2153846153846154
0.2112676056338028
0.20270270270270271
0.18292682926829268
0.17582417582417584
0.17525773195876287
0.18181818181818182
0.18867924528301888
1.0
0.75
0.4444444444444444
0.42857142857142855
0.4
0.35294117647058826
0.32
0.25806451612903225
0.21621621621621623
0.23684210526315788
0.225
0.23809523809523808
0.2558139534883721
0.2708333333333333
0.28846153846153844
0.2631578947368421
0.2698412698412698
0.26153846153846155
0.2647058823529412
0.25
0.24675324675324675
0.24096385542168675
0.23529411764705882
0.21978021978021978
0.22340425531914893
0.21649484536082475
1.0
1.0
0.8
0.4
0.35714285714285715
0.35294117647058826
0.42105263157894735
0.34782608695652173
0.32142857142857145
0.2903225806451613
0.2702702702702703
0.2631578947368421
0.2564102564102564
0.25
0.2608695652173913
0.25
0.25925925925925924
0.24561403508771928
0.24193548387096775
0.25
0.23529411764705882
0.22857142857142856
0.23943661971830985
0.24324324324324326
0.22784810126582278
0.23170731707317074
1.0
0.5714285714285714
0.36363636363636365
0.3125
0.3333333333333333
0.3076923076923077
0.3125
0.2702702702702703
0.24390243902439024
0.2558139534883721
0.24444444444444444
0.22448979591836735
0.25
0.26229508196721313
0.24615384615384617
0.2602739726027397
0.24050632911392406
0.2261904761904762
0.22727272727272727
0.21875
0.21428571428571427
0.21212121212121213
0.20192307692307693
0.19444444444444445
0.18421052631578946
0.18803418803418803
1.0
1.0
0.6666666666666666
0.5714285714285714
0.5
0.3684210526315789
0.391304347826087
0.375
0.2903225806451613
0.3142857142857143
0.28205128205128205
0.2558139534883721
0.25
0.26
0.23636363636363636
0.20634920634920634
0.23529411764705882
0.21333333333333335
0.20987654320987653
0.2
0.1978021978021978
0.20212765957446807
0.21649484536082475
0.20588235294117646
0.20388349514563106
0.21621621621621623
1.0
0.2857142857142857
0.38461538461538464
0.375
0.3181818181818182
0.28
0.25
0.21875
0.23529411764705882
0.21621621621621623
0.21951219512195122
0.1956521739130435
0.2
0.2033898305084746
0.20967741935483872
0.22058823529411764
0.20270270270270271
0.21052631578947367
0.2125
0.20930232558139536
0.2
0.1935483870967742
0.19791666666666666
0.2
0.19230769230769232
0.18867924528301888
1.0
0.6666666666666666
0.625
0.4117647058823529
0.3333333333333333
0.2692307692307692
0.25
0.23333333333333334
0.25806451612903225
0.23529411764705882
0.2702702702702703
0.25
0.24444444444444444
0.2549019607843137
0.25925925925925924
0.22950819672131148
0.22058823529411764
0.21621621621621623
0.20253164556962025
0.20481927710843373
0.20481927710843373
0.20454545454545456
0.2
0.20212765957446807
0.19387755102040816
0.2
