1.0
0.75
0.4
0.35714285714285715
0.3333333333333333
0.2916666666666667
0.2413793103448276
0.21875
0.23529411764705882
0.21621621621621623
0.21052631578947367
0.21951219512195122
0.21951219512195122
0.22
0.2222222222222222
0.23728813559322035
0.2153846153846154
0.22388059701492538
0.22972972972972974
0.21518987341772153
0.2073170731707317
0.20930232558139536
0.20454545454545456
0.20454545454545456
0.20652173913043478
0.2222222222222222
1.0
0.6666666666666666
0.45454545454545453
0.3157894736842105
0.2727272727272727
0.2857142857142857
0.2727272727272727
0.24324324324324326
0.24390243902439024
0.22916666666666666
0.24528301886792453
0.23728813559322035
0.24193548387096775
0.23076923076923078
0.25
0.23376623376623376
0.23170731707317074
0.2413793103448276
0.23595505617977527
0.23232323232323232
0.22772277227722773
0.22857142857142856
0.22935779816513763
0.23008849557522124
0.23275862068965517
0.23770491803278687
1.0
0.2857142857142857
0.18181818181818182
0.21428571428571427
0.17647058823529413
0.21052631578947367
0.20833333333333334
0.18518518518518517
0.2
0.17647058823529413
0.15789473684210525
0.20930232558139536
0.17647058823529413
0.17543859649122806
0.18032786885245902
0.1774193548387097
0.171875
0.18840579710144928
0.19480519480519481
0.18072289156626506
0.18181818181818182
0.17894736842105263
0.18627450980392157
0.18867924528301888
0.18181818181818182
0.17543859649122806
1.0
0.4
0.3333333333333333
0.25
0.3333333333333333
0.23529411764705882
0.2222222222222222
0.25
0.25
0.23076923076923078
0.23333333333333334
0.24242424242424243
0.2222222222222222
0.2619047619047619
0.2558139534883721
0.22448979591836735
0.21568627450980393
0.23214285714285715
0.23809523809523808
0.22388059701492538
0.2054794520547945
0.21052631578947367
0.20987654320987653
0.2
0.19540229885057472
0.1956521739130435
1.0
0.75
0.6666666666666666
0.42857142857142855
0.3333333333333333
0.3333333333333333
0.2962962962962963
0.2647058823529412
0.28205128205128205
0.2619047619047619
0.2391304347826087
0.22
0.21153846153846154
0.23214285714285715
0.23333333333333334
0.21875
0.22857142857142856
0.22535211267605634
0.23684210526315788
0.21951219512195122
0.21176470588235294
0.2159090909090909
0.22826086956521738
0.22105263157894736
0.22
0.22549019607843138
1.0
0.6666666666666666
0.375
0.4
0.35714285714285715
0.22727272727272727
0.2692307692307692
0.22580645161290322
0.1891891891891892
0.175
0.17777777777777778
0.18
0.17857142857142858
0.18333333333333332
0.19047619047619047
0.18181818181818182
0.19402985074626866
0.19444444444444445
0.20512820512820512
0.1927710843373494
0.20238095238095238
0.19318181818181818
0.18681318681318682
0.18556701030927836
0.18627450980392157
0.2
1.0
0.3333333333333333
0.2857142857142857
0.2857142857142857
0.3333333333333333
0.23076923076923078
0.25
0.19047619047619047
0.20833333333333334
0.23076923076923078
0.25
0.23333333333333334
0.23333333333333334
0.22580645161290322
0.2647058823529412
0.25
0.28205128205128205
0.26666666666666666
0.24489795918367346
0.23214285714285715
0.22807017543859648
0.22950819672131148
0.2153846153846154
0.21212121212121213
0.20588235294117646
0.22972972972972974
1.0
0.5714285714285714
0.4166666666666667
0.38461538461538464
0.35714285714285715
0.2631578947368421
0.22727272727272727
0.2
0.22857142857142856
0.2
0.21428571428571427
0.21739130434782608
0.2
0.18181818181818182
0.1864406779661017
0.19672131147540983
0.1875
0.19696969696969696
0.19117647058823528
0.1891891891891892
0.18421052631578946
0.1794871794871795
0.1875
0.19047619047619047
0.18888888888888888
0.18085106382978725
1.0
1.0
0.5
0.25
0.25
0.19047619047619047
0.16666666666666666
0.13793103448275862
0.12903225806451613
0.19444444444444445
0.21621621621621623
0.21951219512195122
0.21428571428571427
0.24489795918367346
0.23636363636363636
0.21875
0.21212121212121213
0.22535211267605634
0.21621621621621623
0.21518987341772153
0.21686746987951808
0.21176470588235294
0.20454545454545456
0.19148936170212766
0.1958762886597938
0.20202020202020202
1.0
0.75
0.3333333333333333
0.3333333333333333
0.2
0.16
0.14285714285714285
0.125
0.1388888888888889
0.11627906976744186
0.10204081632653061
0.1320754716981132
0.12280701754385964
0.11864406779661017
0.12698412698412698
0.1323529411764706
0.12162162162162163
0.12658227848101267
0.125
0.12345679012345678
0.12195121951219512
0.1411764705882353
0.1511627906976744
0.14130434782608695
0.14583333333333334
0.1414141414141414
