0
35
35
39
44
54
60
60
56
54
54
33
26
41
41
52
47
47
41
44
47
40
51
51
39
39
0
17
27
27
35
50
54
54
54
53
53
48
46
46
31
39
37
42
42
36
45
45
41
41
45
10
0
34
39
45
54
53
53
53
53
53
50
36
46
50
58
58
54
58
58
50
43
43
34
33
43
39
0
16
35
39
34
34
34
24
27
28
36
36
36
33
47
53
53
50
57
57
57
28
28
36
40
43
0
21
30
35
36
46
50
50
50
46
49
43
50
51
52
62
58
46
39
39
44
49
49
52
49
55
0
31
40
28
39
45
38
50
53
53
48
39
63
57
65
65
65
55
52
52
39
48
58
53
50
37
0
47
50
50
50
50
27
41
45
41
43
43
38
43
39
45
51
51
27
31
37
37
42
49
52
52
0
37
37
48
50
50
50
51
51
37
37
32
32
58
58
56
56
52
55
55
46
43
46
39
39
37
0
30
39
48
48
52
52
59
49
49
51
45
49
50
39
44
37
42
42
42
37
37
37
17
54
54
0
22
20
41
51
59
59
42
51
51
51
53
41
38
26
30
20
33
38
38
39
55
51
43
37
37
