0
790
790
990
1252
1599
1987
1987
1725
1525
1525
946
735
1412
1412
1654
1307
1225
948
1115
1379
1139
1447
1447
960
1104
0
547
759
759
1083
1707
2033
2033
2033
1909
1909
1554
1530
1530
785
1175
1180
1337
1337
1089
1397
1397
1240
1240
1207
227
0
924
1164
1447
1707
1534
1638
1638
1638
1638
1415
954
1482
1554
1936
1936
1560
1826
1826
1536
1266
1266
806
973
1336
1140
0
534
1116
1260
972
972
972
576
694
776
1030
912
912
784
1467
1690
1690
1341
1608
1608
1608
753
753
1081
1198
1146
0
449
912
1012
968
1468
1668
1668
1668
1219
1273
1187
1488
1623
1685
2208
1865
1252
962
962
1314
1540
1540
1642
1541
1690
0
990
1293
749
1264
1580
980
1421
1489
1489
1296
1010
2063
1595
1966
1966
1966
1677
1490
1490
1081
1671
1968
1603
1461
1303
0
1169
1337
1337
1337
1337
613
1147
1326
1151
1337
1419
1149
1433
1283
1575
1631
1631
730
1024
1275
1275
1440
1622
1706
1706
0
1070
1070
1399
1613
1613
1613
1727
1727
1039
1039
816
816
1590
1590
1887
1887
1641
1654
1654
1406
1190
1268
1031
1031
1123
0
834
1058
1370
1370
1574
1574
2074
1539
1539
1734
1424
1440
1484
979
1130
926
1150
1150
1150
939
939
939
375
1764
1861
0
741
673
1228
1515
1792
1792
1247
1525
1525
1525
1429
1045
1039
635
837
475
1062
1188
1188
1262
1784
1658
1221
869
966
