0
4965
5677
6030
8319
8319
8074
8074
9422
7722
5118
3668
2726
6577
8424
5796
4854
6088
9521
9521
9521
10250
9303
8730
7364
6170
0
6175
7002
9775
7649
8182
6246
5409
6848
7762
4498
5245
5645
4534
6160
6860
7566
7962
6515
6349
5418
6120
6389
6933
6639
8541
0
4275
4275
4628
4628
5710
8912
8559
8847
6507
4572
9867
9867
8904
7102
7102
4347
7877
9669
9232
6241
7572
8516
10581
10581
4030
0
4930
4930
4930
7267
7267
7267
4572
3587
3587
3633
3856
3545
8716
7156
5922
2910
7972
8444
7357
5621
6053
10923
7597
5774
6379
0
6289
7753
6968
3583
4906
5252
6922
6839
6599
6599
5320
3650
6829
7860
7860
6110
3442
5563
5563
4036
3356
5725
4694
9471
9929
0
1854
2230
4107
7659
7659
7527
7527
4489
4489
6112
7074
8055
9818
10896
9371
9820
7504
8151
6388
7087
7087
7087
5798
3682
6005
0
2677
3748
3748
4042
4042
2459
2459
2013
2393
2298
2004
1028
1028
2030
2030
9271
9191
9191
9651
9651
10325
10325
7835
2704
3804
0
13765
11875
11875
11875
11875
11875
10004
11422
10161
11511
11420
7189
7189
7700
10749
4578
6732
6732
9294
9294
9294
5996
7583
9543
7342
0
10823
10823
10823
11632
11632
11632
10823
10823
9696
7616
6371
6371
8505
7148
4073
3292
4610
4268
5159
6705
6320
5953
4407
9281
9134
0
7718
7718
7718
7718
8203
8203
8203
9828
9828
9828
8639
8141
7419
6289
9753
5576
6219
6219
4107
4107
7378
8117
7100
9087
5623
