0
8826
8826
6400
10555
10555
8018
8424
8889
7645
10879
10879
10686
10221
8194
7483
7483
7483
5184
5705
7635
4328
4824
4824
3623
2430
0
3214
4025
4900
4900
3143
1961
976
2071
5573
6426
6426
4404
4404
7767
6736
6736
9195
7919
4974
7252
9317
7019
7766
7766
6604
0
8476
10145
6937
6937
9774
9677
10819
11632
11632
11632
8829
13347
13347
12778
8205
8397
8806
5316
5273
5511
5511
8439
8650
8650
8286
0
3578
4223
4223
4223
7196
4633
4633
6194
7038
7038
5409
4263
5059
5741
5059
5059
4351
4990
5841
5841
4869
5425
6952
6760
9569
0
5851
7608
9734
9734
8387
10939
10939
10939
11313
7596
7669
2610
3201
5405
5102
6471
6471
8712
8712
6341
11368
8493
8493
9290
9290
0
2432
5352
5352
2706
4099
6830
6830
7497
6453
9021
8607
6186
7380
7783
3869
4904
3428
6485
6799
6799
6799
4556
6555
6555
7577
0
5367
5367
7609
7986
8169
10169
8099
6029
7826
7826
5584
6133
7609
4011
8551
8551
5201
9448
13376
13376
13376
13376
11913
10597
9253
0
4247
4247
6228
9822
6355
6681
5316
5316
6383
5003
4257
6146
8034
7588
7472
8433
8433
7819
7819
5761
4214
6675
6675
6178
6891
0
6476
8073
8390
9717
9717
9188
7504
9365
9365
6347
6347
6753
6653
6268
7250
7250
6597
10358
12768
12768
8868
9836
10334
10334
8919
0
7375
12377
13920
13920
13920
8579
8579
9595
4241
4347
3529
3529
7222
6728
6728
6110
7654
5286
3697
2554
8062
8062
9311
9311
14317
