0
32
34
34
43
45
45
50
50
44
44
46
48
32
32
31
37
36
29
35
37
32
40
40
51
51
0
32
32
36
31
31
45
45
42
34
34
32
45
34
23
28
40
40
44
38
43
40
48
48
48
51
0
20
28
28
28
36
50
50
36
36
38
46
41
46
46
48
40
36
36
38
38
31
35
35
43
43
0
31
33
30
41
35
39
39
46
46
46
37
27
21
28
35
39
44
44
42
44
44
27
32
36
35
0
22
33
47
49
44
44
46
46
31
22
29
36
38
35
35
38
38
38
40
40
43
31
42
45
47
0
23
34
35
40
45
47
34
34
16
27
22
21
28
28
43
43
28
34
41
46
48
53
53
53
60
0
42
40
53
56
56
56
57
51
52
52
52
42
21
28
36
36
41
47
49
49
49
52
51
52
52
0
25
36
36
46
46
56
56
56
53
48
48
35
41
29
36
41
43
44
43
31
38
45
46
46
43
0
42
42
42
37
37
33
46
50
46
51
47
41
37
47
52
52
48
13
18
25
29
42
38
42
39
0
30
30
44
44
47
47
52
54
52
44
37
31
36
42
42
37
42
38
47
47
47
47
49
48
52
