0
7142
7142
8127
9221
11561
13375
13375
12281
11296
11296
5383
4154
8189
8189
10745
8405
8699
6435
7527
8864
7022
8600
8600
4894
6668
0
2490
3761
3761
5122
7358
7958
7958
7958
7713
7713
6031
6283
6283
4146
5780
5475
5859
6409
5890
8356
8356
7972
7972
8204
1777
0
3640
4813
5701
7622
6082
6387
6387
6387
6387
5945
4258
8349
7672
9909
9909
8076
8972
8972
7558
7019
7019
3557
4257
6654
5639
0
1758
7603
8275
3973
3973
3973
2815
3138
4232
5501
5178
5178
3808
8590
9796
9796
6287
7916
7916
7916
3472
3472
5485
6024
6020
0
2568
6278
6807
6279
9254
10020
10020
10020
7452
7431
6220
8220
8856
9193
13730
10616
8375
7168
7168
7658
8458
8458
9387
5968
6341
0
4829
7530
3320
6179
7561
4311
6652
6384
6384
5917
4670
10595
9234
11358
11358
11358
9335
8831
8831
6450
9376
11325
8091
7393
6396
0
6480
7216
7216
7216
7216
3643
7034
7588
6812
7039
6896
5171
6347
6388
7072
8496
8496
2947
5759
7111
7111
8020
8471
8586
8586
0
7182
7182
10086
10902
10902
10902
9769
9769
4850
4850
3931
3931
9511
9511
13069
13069
12247
11957
11957
10329
8731
9247
7447
7447
7913
0
4642
5800
8375
8375
9189
9189
13575
10195
10195
10865
7678
8025
9137
7673
8481
7476
8362
8362
8362
7345
7345
7345
1694
12451
12466
0
4589
3107
6443
8892
9541
9541
5077
6930
6930
6930
6792
5161
5097
3247
3722
2792
7098
7558
7558
6829
8726
8266
4588
3464
3010
