0
4499
6046
6046
7839
8065
8065
8261
7480
5782
5782
6512
7102
3094
3094
2486
3274
3242
2281
3833
4462
4366
6130
6130
10867
10867
0
5153
5153
5827
4448
4448
6473
6473
5799
4256
4256
4118
10567
7863
3369
3899
7127
7127
7871
6562
8240
7295
7666
7666
7666
7930
0
2557
6725
6725
6725
5463
8113
8113
5556
5556
6283
7416
7200
8431
8431
9582
8948
7407
7407
6112
6112
4252
5247
5247
6171
6171
0
3555
3877
3615
9287
6405
8436
8436
10103
10103
10103
8114
3448
2469
4384
5197
7993
9053
9053
8118
8369
8369
3838
5390
7700
5279
0
3124
5116
8183
8122
7596
7596
8432
8432
4284
2366
2813
5870
5812
5067
5382
5664
5664
5664
5189
5189
5826
3983
5716
6388
5581
0
3496
6027
4847
5348
6580
6324
4108
4108
1816
4152
3820
4325
5791
5791
7570
7570
5791
7607
9294
10143
9813
11278
11278
11278
12198
0
5411
6062
8542
9586
9586
9586
10747
8498
9805
9805
9805
6914
2359
4026
6310
6310
6646
7480
6914
6914
6914
7003
6044
5979
5979
0
4141
9244
9244
10112
10112
11760
11760
11760
11640
10600
10600
5497
7281
4070
5505
6091
5731
5494
5432
4350
5742
7028
7235
7235
5406
0
8422
8422
8422
5164
5164
4912
8931
11312
8405
8847
6466
6077
6085
8510
12443
12443
10827
2425
2967
4672
4510
6542
6180
6827
5202
0
3915
3915
5265
5265
5677
5677
7892
7816
7508
6162
4725
3250
3745
6306
6306
5465
6566
5521
6850
6850
6850
7196
9008
7907
8281
