0
390
743
1155
1155
1094
1094
1094
1094
790
790
865
1096
821
1339
1339
1193
1660
1463
1463
1205
1205
1205
1277
1556
1269
0
1004
1150
1439
1005
859
1177
1177
888
1145
977
1032
1315
1067
1599
1126
1039
1325
1338
1482
1482
1613
1049
629
1391
1609
0
862
1177
1169
698
945
945
698
892
1120
848
1110
952
926
1160
1160
902
902
1311
1598
1479
1185
1318
1125
959
1568
0
762
762
882
1268
1793
1776
1953
1673
1307
1589
1474
1474
1463
1237
1025
1025
1025
473
587
587
684
1110
1110
1112
1112
0
519
766
926
1255
1581
1468
1468
1468
1188
1477
1153
1153
1227
1042
1174
869
1045
1045
913
884
1363
1709
1709
1850
1645
0
873
873
1145
1145
1462
1462
1462
1522
1522
1390
1390
1025
1025
800
1044
1391
1391
1216
1073
1034
1034
1318
1122
1122
1122
0
808
1243
1360
1491
1243
1370
1370
1136
1136
935
935
1069
171
970
727
855
855
855
560
1125
1023
1409
1976
1976
1851
0
690
1347
1392
1392
1141
1139
1139
794
1001
1150
619
1141
1352
1352
1010
1074
1366
1332
1332
1721
1721
993
1033
621
927
0
503
948
948
778
950
951
951
783
783
1471
1116
1116
880
565
700
700
1050
614
752
752
1235
942
1091
1516
1516
0
342
973
973
778
234
779
1015
779
779
779
910
451
1014
1226
1226
1226
1427
1227
1058
1058
1058
728
801
673
402
