0
40
40
40
47
47
43
44
47
41
52
52
54
52
52
49
49
49
40
45
46
37
40
40
31
24
0
22
29
35
35
29
22
13
15
36
43
43
35
35
47
46
46
51
48
34
48
55
49
50
50
46
0
42
48
40
40
51
53
59
62
62
62
56
68
68
65
50
51
59
47
50
46
46
54
61
61
53
0
25
30
30
30
41
27
27
39
40
40
32
36
41
47
41
41
36
41
47
47
36
38
43
44
55
0
33
39
49
49
45
57
57
57
61
48
48
25
33
41
38
36
36
45
45
46
54
49
49
45
45
0
24
35
35
29
37
49
49
53
46
54
52
40
47
44
32
42
29
38
42
42
42
34
37
37
38
0
32
32
41
44
48
59
49
40
46
46
39
39
49
31
46
46
33
43
49
49
49
49
45
40
38
0
27
27
38
60
51
57
50
50
55
48
43
50
54
50
46
52
52
43
43
36
36
41
41
39
45
0
36
51
51
55
55
52
47
52
52
39
39
38
46
40
49
49
47
58
64
64
53
55
58
58
50
0
25
51
57
57
57
51
51
54
35
41
33
33
50
53
53
57
66
48
32
21
34
34
41
41
50
