0
28
36
25
30
31
31
36
40
40
34
47
37
47
38
37
42
38
40
32
40
40
45
45
47
41
0
26
26
35
39
39
41
41
38
40
45
40
35
34
42
48
56
56
53
63
62
62
62
56
52
33
0
12
36
33
39
39
47
47
42
46
50
52
56
49
58
62
62
52
51
56
54
44
44
16
16
33
0
26
30
36
36
34
30
44
46
44
36
33
33
33
34
46
43
47
43
31
37
46
51
54
50
50
0
21
35
42
41
41
53
58
54
54
54
45
41
49
54
50
42
42
27
33
38
33
51
51
48
48
0
31
41
41
41
28
36
39
39
32
38
35
40
34
34
33
33
35
42
42
52
49
42
47
47
49
0
25
30
37
30
30
35
35
35
46
53
39
43
46
38
38
47
36
41
49
49
44
37
38
41
37
0
31
45
26
41
45
54
45
38
38
38
43
43
32
34
38
44
44
44
48
48
54
48
53
47
45
0
30
35
44
34
39
46
46
41
38
43
45
45
45
43
40
36
42
42
42
45
52
57
57
57
59
0
34
34
45
45
41
31
46
48
54
52
41
41
39
47
39
49
56
54
51
52
52
52
61
61
65
