0
918
857
857
1353
1495
1495
1708
1430
1121
1121
1334
1528
880
880
796
1058
968
769
1097
1194
1134
1239
1239
1778
1778
0
1036
1036
1234
902
902
1371
1371
1173
934
934
934
1716
1063
503
715
1207
1207
1417
981
1319
1114
1288
1288
1288
1498
0
502
940
940
940
1028
1358
1358
856
856
1061
1144
1110
1350
1350
1305
1260
1068
1068
1200
1200
912
924
924
1137
1137
0
686
823
718
1387
937
1346
1346
1430
1430
1430
1209
796
542
806
968
1187
1412
1412
1236
1339
1339
674
1004
1062
891
0
544
990
1410
1434
1200
1200
1377
1377
908
615
773
1133
1124
888
977
1082
1082
1082
1015
1015
1169
764
1106
1343
1306
0
766
1018
1007
1162
1360
1347
860
860
377
676
530
561
857
857
1270
1270
857
1224
1393
1565
1483
1805
1805
1805
1991
0
1073
1117
1415
1694
1694
1694
1884
1514
1710
1710
1710
1178
478
844
1246
1246
1369
1649
1701
1701
1701
1742
1577
1481
1481
0
672
1229
1229
1653
1653
2024
2024
2024
1903
1539
1539
982
1318
785
1036
1318
1203
1176
1159
855
1061
1260
1321
1321
1058
0
1243
1243
1243
1096
1096
745
1433
1818
1563
1730
1345
1093
1081
1347
1661
1661
1423
266
534
680
671
1107
1002
1212
1114
0
885
885
1152
1152
1279
1279
1713
1732
1617
1403
1027
879
1035
1415
1415
1231
1409
1076
1360
1360
1360
1424
1635
1457
1566
