0
833
1045
658
784
871
871
1244
1373
1373
1134
1424
1157
1244
918
988
1212
1056
1076
918
1226
1226
1247
1247
1287
1217
0
562
562
1051
1222
1222
1347
1347
1083
1140
1268
1098
1060
1107
1414
1555
1879
1879
1484
1989
1848
1848
1848
1641
1412
748
0
274
885
846
1207
1207
1588
1588
1217
1329
1483
1625
1557
1445
1740
1854
1882
1553
1443
1637
1484
1132
1132
526
526
1151
0
614
778
893
893
840
733
1173
1161
1041
752
790
790
790
849
1338
1291
1408
1228
779
953
1350
1530
1732
1534
1534
0
495
1022
1168
984
984
1437
1706
1760
1760
1760
1312
1037
1405
1637
1402
1160
1093
658
872
1034
872
1710
1710
1393
1393
0
826
1171
1171
1171
694
1101
1199
1199
892
1242
948
1144
889
1084
943
943
1093
1243
1243
1777
1597
1278
1422
1422
1577
0
644
865
1086
865
865
1047
1047
1047
1367
1529
964
1084
1288
988
988
1335
941
1252
1394
1394
1296
1013
983
1194
1045
0
714
1243
606
1125
1322
1658
1322
1057
1057
1057
1218
1231
892
944
1095
1377
1377
1377
1534
1534
1883
1421
1585
1242
1300
0
793
943
1331
954
1089
1434
1434
1130
1003
1180
1307
1307
1307
1180
1123
918
1117
1117
1117
1336
1509
1658
1658
1658
1673
0
790
790
1127
1127
998
879
1356
1498
1612
1488
1149
1149
1036
1297
1039
1488
1693
1689
1584
1587
1556
1556
1891
1922
2059
