0
3529
4390
2996
3475
5304
5304
6283
7048
7048
6080
8231
6098
4576
3708
3891
5136
4730
4493
4560
5862
5862
6908
6908
7036
6839
0
4965
4965
8172
8378
8378
8701
8701
4884
5188
6596
5735
4409
5967
8555
9518
11475
11475
9873
13531
12568
12568
12568
11369
9880
5311
0
973
4542
4091
7078
7078
9014
9014
7466
7773
8176
8675
6820
6849
8086
8571
8921
8035
7243
8678
8216
5781
5781
3557
3557
6077
0
2326
4467
4688
4688
4272
4121
6302
6559
5980
4955
5217
5217
5217
5660
7869
7084
7406
6320
3502
4282
6659
7521
8631
6863
6863
0
2740
5714
6199
5054
5054
7415
9346
9538
9538
9538
6551
5123
6718
7456
6219
4732
4135
1967
4456
5026
4456
9467
9467
8266
8266
0
6125
8842
8842
8842
5505
6979
7365
7365
3812
5497
4242
5153
3527
5185
4889
4889
5341
6851
6851
9504
8980
6520
6860
6860
8735
0
3783
4375
5714
4375
4375
4730
4730
4730
7368
11761
8229
8574
9370
6861
6861
8459
3299
5501
5539
5539
4368
3530
3757
5854
5386
0
4609
11200
6812
9682
10593
12841
10593
8505
8505
8505
9490
9429
8014
5768
8294
9464
9464
9464
10112
10112
12100
9948
10724
7499
7812
0
4553
5133
7388
5963
6519
8553
8553
6899
4855
5544
5813
5813
5813
5544
5064
3688
4719
4719
4719
5987
6395
8083
8083
8083
8169
0
6644
6644
7570
7570
7241
5266
8024
8143
9454
7848
5504
5504
4281
8312
6881
9003
11129
11654
11101
10746
9097
9097
11662
11199
13301
