0
18
30
38
38
38
38
38
38
28
28
31
38
32
43
43
40
55
46
46
50
50
50
52
60
49
0
35
40
48
41
36
44
44
38
39
38
39
44
38
54
40
40
49
51
56
56
56
40
29
49
53
0
35
42
42
29
35
35
29
32
41
34
39
35
33
45
45
37
37
49
57
57
47
50
43
37
55
0
29
29
33
39
53
58
59
53
47
56
52
52
50
45
41
41
41
19
21
21
24
42
42
38
38
0
21
32
37
44
48
46
46
46
39
46
41
41
41
36
40
30
35
35
31
34
46
53
53
58
55
0
27
27
38
38
46
46
46
47
47
46
46
41
41
33
34
42
42
41
34
34
34
41
36
36
36
0
31
43
47
43
43
47
47
39
39
35
35
40
8
32
28
32
32
32
24
37
39
54
63
63
60
0
27
44
47
47
42
46
46
33
37
39
25
39
47
47
39
38
47
47
47
60
60
38
36
24
33
0
19
31
31
29
36
39
39
32
32
49
42
42
37
21
27
27
37
26
29
29
41
34
38
48
48
0
16
33
33
30
10
25
35
25
25
25
30
20
36
42
42
42
48
44
39
39
39
30
25
23
17
