0
31
37
41
50
50
47
47
54
52
41
32
22
36
43
41
38
27
43
43
43
50
47
41
44
40
0
40
46
55
41
48
45
39
46
50
44
46
47
41
40
41
46
54
49
50
45
48
50
50
47
52
0
26
26
31
31
37
46
45
48
44
33
49
49
43
44
44
28
42
41
39
37
40
40
51
51
31
0
28
28
28
40
40
40
32
30
30
31
34
30
49
44
37
22
41
49
45
43
41
51
43
36
40
0
34
46
42
29
34
38
48
44
40
40
38
27
36
42
42
36
29
42
42
40
35
42
39
46
48
0
21
25
36
42
42
50
50
32
32
34
41
46
52
58
48
50
38
45
39
44
44
44
43
31
45
0
22
28
28
33
33
28
28
29
32
27
19
11
11
23
23
43
46
46
51
51
54
54
43
29
38
0
46
52
52
52
52
52
46
54
50
56
50
39
39
44
42
31
32
32
42
42
42
30
30
37
35
0
47
47
47
51
51
51
47
47
49
40
41
41
51
49
42
37
42
40
44
51
48
46
39
45
46
0
37
37
37
37
42
42
42
49
49
49
56
52
47
37
45
29
35
35
27
27
45
50
43
49
38
