0
2863
9645
10950
10950
10950
12528
12528
12528
9210
14598
11735
8701
8701
7698
8606
8606
9377
7085
8824
9729
4341
4969
3609
3609
5225
0
5642
9049
6690
2464
7597
8415
8415
10882
10882
10882
10882
6151
4049
5146
5146
4188
8244
7970
9880
7970
8168
10227
10978
9881
8790
0
9030
7422
7422
7422
8961
5304
8197
8197
7270
6736
8966
7875
4832
8705
8705
9164
8698
8258
5838
3768
6632
6173
6173
6871
4596
0
4948
4948
6394
5685
4889
5481
7459
7459
8205
5961
6429
7654
9528
9528
9060
9060
7186
5940
5940
2614
4882
4434
5703
8631
8631
0
2977
5823
5823
5193
4814
2769
4620
4914
4914
4914
3848
3848
7434
9703
10140
12055
12055
12055
12055
5817
9557
9557
9596
9596
4965
0
6631
6631
6631
9826
7740
7740
7740
4802
5278
733
3138
4255
4255
4628
6219
4790
4977
6516
6516
6516
5886
5453
5453
5453
3921
0
5577
8301
8301
8301
8301
5066
5904
5904
5904
6243
3128
4297
4297
1573
1573
2296
5642
7119
7119
7119
7119
7119
11457
7400
5923
0
2549
2954
4736
5762
5762
7480
5538
6144
6144
5739
4897
5728
6169
5229
9459
6109
8364
7316
13214
13214
14455
14455
14455
14455
10240
0
3482
3482
5874
8692
8692
8692
8692
8283
6247
7690
10756
6724
5196
5196
6165
7037
7305
8135
7460
6491
4569
6895
6844
7873
7015
0
4746
4746
5248
7396
7396
7396
7396
4270
7305
8371
8371
6751
7949
8003
6134
4133
4133
3584
2712
3628
4271
7236
6593
4986
4791
