0
3997
5460
5152
5723
6391
6391
4294
5006
5515
5515
3638
4431
3625
4793
7704
7704
4409
3796
2764
4436
4436
5089
3974
4514
5867
0
5858
5858
5858
5858
7732
7732
7732
8580
6115
6862
6340
6340
7352
4998
6534
6534
8750
8750
8750
6923
5706
5976
7330
6213
8554
0
2368
5614
5614
4485
5105
6130
6130
4917
8707
11622
10676
6525
8166
4113
4843
5120
4495
3765
4001
2276
2913
4077
3317
8572
6504
0
5806
5806
4458
4458
4952
4952
5520
6642
5820
5223
3755
8560
8560
8409
9335
7862
5461
4730
6297
5371
3971
4561
7955
10688
10375
0
4250
4250
6242
8493
8493
4593
4988
6816
7760
5889
10908
10908
8873
7972
7972
7972
6588
6615
7832
6371
6942
8849
9749
9749
8376
0
2522
5610
5610
5610
2408
3356
5420
5310
8899
6202
7939
8827
7903
7903
7153
7153
5439
8330
5486
5486
6831
8258
8718
5686
9457
0
7352
7352
5943
10292
10292
6028
8790
10421
8904
8904
8904
10792
10813
10813
10813
10813
8501
10041
5219
6807
7629
8231
9840
10447
8468
0
7119
8993
12623
8554
8554
8554
12116
12116
13813
8606
8041
7269
6749
5016
5016
6376
6376
6298
10837
11897
11897
6176
7922
7922
10358
0
7515
3986
5875
7749
7749
6273
4552
4552
5547
6435
9464
6907
7216
5776
5776
5467
6958
6517
5965
5965
5558
2719
5621
5621
6053
0
1182
4757
7956
7956
7956
7956
6485
5745
5745
7003
8119
8119
10643
9389
10071
10071
12814
12325
11643
11643
7892
7150
5540
9081
5780
