0
1095
1095
1075
1379
1379
1215
1263
1421
1168
1687
1687
1652
1493
1541
1416
1416
1416
972
1098
1416
971
1140
1140
802
587
0
614
814
1038
1038
774
609
298
311
891
1220
1220
951
951
1377
1397
1397
1585
1268
903
1347
1651
1347
1294
1294
1145
0
1386
1651
1130
1130
1478
1486
1594
1961
1961
1961
1571
2278
2278
2015
1470
1672
1772
1323
1353
1343
1343
1753
1872
1872
1683
0
682
822
822
822
1156
682
682
1091
1221
1221
1025
948
1174
1333
1174
1174
919
1082
1242
1242
889
1015
1301
1187
1552
0
977
1110
1672
1672
1292
1767
1767
1767
1900
1360
1374
623
867
1140
1039
989
989
1425
1425
1178
1637
1348
1348
1410
1410
0
613
997
997
734
965
1476
1476
1740
1421
1723
1552
1094
1269
1345
776
1111
673
1034
1137
1137
1137
838
986
986
1061
0
940
940
1269
1428
1497
1954
1569
1112
1258
1258
929
1158
1469
758
1474
1474
907
1389
1727
1727
1727
1727
1500
1283
1174
0
708
708
1127
1778
1334
1656
1404
1404
1784
1432
1240
1532
1697
1439
1328
1480
1480
1300
1300
1111
941
1225
1225
1130
1364
0
900
1478
1457
1648
1648
1477
1273
1511
1511
1039
1039
963
1149
1023
1318
1318
1292
1701
2022
2022
1486
1748
1812
1812
1507
0
747
1533
1896
1896
1896
1393
1393
1596
961
1070
886
886
1617
1654
1654
1614
1839
1178
804
470
898
898
1112
1112
1624
