0
355
1277
1451
1451
1451
1812
1812
1812
1509
2105
1750
1303
1303
1121
1346
1346
1592
1139
1487
1686
1090
1332
997
997
1262
0
891
1234
949
405
1099
1287
1287
1554
1554
1554
1554
862
599
811
811
717
1268
1330
1615
1330
1443
1881
1906
1694
1738
0
1498
1327
1327
1327
1815
1402
1870
1870
1610
1503
1638
1320
800
1222
1222
1406
1289
1313
990
812
1263
1079
1079
1315
1104
0
989
989
1224
1223
973
1231
1496
1496
1702
1077
1249
1125
1473
1473
1301
1301
953
853
853
548
1107
980
1095
1618
1618
0
745
1215
1215
1112
1009
702
1047
1143
1143
1143
970
970
1401
1746
1694
1994
1994
1994
1994
994
1720
1720
1769
1769
840
0
1161
1161
1161
1631
1214
1214
1214
918
1052
308
820
1037
1037
1009
1201
1060
1067
1566
1566
1566
1420
1263
1263
1263
950
0
730
1406
1406
1406
1406
1109
1446
1446
1446
1464
869
1160
1160
484
484
579
1117
1340
1340
1340
1340
1340
1993
1400
1177
0
576
683
1156
1366
1366
1712
1372
1636
1636
1529
1275
1573
1657
1438
1826
1006
1337
1017
1608
1608
1912
1912
1912
1912
1581
0
633
633
1196
1459
1459
1459
1459
1239
1137
1322
1626
1044
991
991
1171
1435
1632
1817
1591
1411
789
1287
1208
1385
1226
0
952
952
1075
1335
1335
1335
1335
807
1102
1348
1348
924
1403
1429
1122
1114
1114
973
888
1064
1340
1796
1520
1159
1060
