0
657
963
940
1107
1228
1228
1062
1148
1289
1289
860
1098
912
1213
1463
1463
1096
923
835
1148
1148
1296
1036
1270
1360
0
845
845
845
845
1244
1244
1244
1423
1114
1449
1253
1253
1527
1196
1235
1235
1663
1663
1663
1373
1228
1093
1369
1158
1550
0
392
962
962
855
935
1116
1116
932
1483
1836
1661
1130
1447
1078
1235
1357
1198
1021
962
671
868
1127
897
1856
1542
0
1152
1152
1031
1031
1187
1187
1367
1455
1235
1077
747
1478
1478
1371
1574
1409
1087
1040
1399
1196
941
1016
1328
1795
1654
0
569
569
883
1230
1230
792
983
1293
1520
1222
1909
1909
1781
1568
1568
1568
1270
1342
1450
1255
1411
1850
1996
1996
1774
0
550
857
857
857
633
716
1046
926
1484
1255
1527
1712
1522
1522
1298
1298
1202
1735
1164
1164
1286
1550
1662
1173
1559
0
889
889
759
1399
1399
1065
1378
1637
1496
1496
1496
1706
1712
1712
1712
1712
1422
1671
910
1180
1326
1533
1811
2017
1727
0
844
1095
1475
1047
1047
1047
1781
1781
2152
1467
1325
1252
1204
994
994
1253
1253
1046
1553
1777
1777
1079
1171
1171
1622
0
1023
783
1210
1602
1602
1358
1061
1061
1061
1203
1738
1268
1489
1231
1231
1009
1303
1231
1078
1078
978
697
1117
1117
1353
0
272
788
1282
1282
1282
1282
1055
897
897
1279
1395
1395
1643
1566
1757
1757
2102
1931
1740
1740
1104
1210
1145
1488
975
