0
17
36
43
43
43
54
54
54
55
66
59
54
54
46
49
49
52
44
48
54
41
46
35
35
42
0
31
47
37
16
41
43
43
52
52
52
52
33
24
29
29
25
43
43
53
43
47
58
56
52
56
0
46
44
44
44
53
45
52
52
52
50
52
43
34
40
40
43
40
41
40
31
46
42
42
45
38
0
26
26
35
32
30
35
43
43
51
44
50
47
55
55
49
49
41
35
35
24
34
36
39
53
53
0
21
39
39
41
38
23
37
38
38
38
33
33
46
58
56
60
60
60
60
42
58
58
61
61
35
0
32
32
32
41
40
40
40
31
36
13
23
31
31
34
41
38
35
48
48
48
43
40
40
40
35
0
31
41
41
41
41
32
38
38
38
42
30
36
36
20
20
19
39
47
47
47
47
47
57
49
42
0
20
24
37
45
45
51
45
50
50
49
45
51
47
44
52
37
42
37
45
45
49
49
49
49
53
0
23
23
35
46
46
46
46
45
40
42
52
36
34
34
37
42
46
51
49
46
32
41
42
49
43
0
30
30
35
41
41
41
41
30
40
45
45
37
47
50
45
44
44
39
30
37
41
50
49
43
39
