0
2485
3959
5500
5500
5268
5268
5268
5268
2938
2938
4329
6495
4453
10291
10291
9620
11772
9320
9320
7394
7394
7394
7388
9689
6866
0
4287
4778
7113
5306
4815
7905
7905
5570
7011
4956
5566
6724
5726
8327
3963
4330
6506
6101
6575
6575
7374
5351
3803
11286
11795
0
6464
6578
6591
5170
6561
6561
5170
6212
6898
5034
7259
5325
4296
5949
5949
4327
4327
6450
7643
7141
5593
6259
4946
4313
8184
0
5343
5343
5599
5930
8578
7497
7946
6678
4677
7524
7426
7426
10218
9100
8035
8035
8035
1591
3490
3490
3824
6813
6813
6056
6056
0
3092
5677
6281
8609
10390
9883
9883
9883
7343
9095
7278
7278
7156
5444
5850
3966
5743
5743
5337
4392
9204
10262
10262
10654
9654
0
5122
5122
7335
7335
8425
8425
8425
8440
8440
8040
8040
6764
6764
4156
5327
7085
7085
5421
4703
4548
4548
7454
6166
6166
6166
0
6150
7757
7997
9698
7757
8180
8180
7072
7072
6573
6573
6869
507
5930
3470
4549
4549
4549
3009
7012
6031
8552
12344
12344
11803
0
3607
5921
6067
6067
5193
4687
4687
2310
3016
5729
1708
6065
7894
7894
6123
6870
8842
7710
7710
8490
8490
3628
6639
2229
5025
0
2377
5217
5217
4687
5869
4688
4688
4308
4308
8948
6590
6590
5331
2489
3114
3114
5116
2763
4299
4299
5914
4277
4976
6868
6868
0
1847
7482
7482
4840
541
5196
6926
5196
5196
5196
5567
2318
4379
6038
6038
6038
7089
5758
5019
5019
5019
3392
4680
4153
2242
