0
884
1031
1151
1566
1566
1450
1450
1682
1430
988
820
537
1198
1453
1172
926
849
1336
1336
1336
1525
1347
1179
1103
1034
0
1036
1295
1749
1337
1546
1254
1092
1360
1418
1076
1262
1286
1093
1163
1386
1547
1765
1356
1413
1234
1444
1313
1355
1217
1654
0
754
754
987
987
1277
1678
1445
1567
1204
813
1405
1405
1377
1143
1143
601
1041
1448
1309
1154
1302
1424
1700
1700
680
0
710
710
710
1182
1182
1182
944
778
778
818
820
706
1637
1375
1081
606
1406
1739
1507
1145
1113
1712
1274
900
1149
0
843
1303
1138
734
824
933
1217
1281
1165
1165
887
603
911
1097
1097
1090
777
1392
1392
1152
976
1299
1113
1597
1594
0
475
658
933
1378
1378
1545
1545
944
944
910
1097
1276
1610
1812
1457
1659
1117
1499
1165
1387
1387
1387
1228
836
1281
0
464
728
728
1011
1011
749
749
713
832
868
585
285
285
621
621
1560
1548
1548
1695
1695
1794
1794
1264
736
1006
0
1648
1470
1470
1470
1470
1470
1426
1654
1447
1697
1648
1108
1108
1289
1411
843
820
820
1304
1304
1304
824
926
1279
923
0
1346
1346
1346
1523
1523
1523
1346
1346
1261
1160
1140
1140
1683
1437
1119
906
1225
1111
1309
1651
1508
1383
1041
1510
1392
0
1234
1234
1234
1234
1480
1480
1480
1657
1657
1657
1611
1475
1259
1004
1512
868
995
995
635
635
1163
1326
1098
1443
935
