0
24
31
35
40
45
45
39
41
45
45
35
43
35
42
48
48
38
33
29
35
35
38
34
40
46
0
29
29
29
29
42
42
42
47
41
48
42
42
51
44
46
46
53
53
53
49
48
37
43
39
52
0
18
32
32
31
31
37
37
33
48
59
51
41
46
38
44
48
40
34
35
30
33
42
34
58
53
0
36
36
36
36
41
41
47
47
44
41
27
49
49
45
52
50
41
39
51
44
35
40
49
59
57
0
24
24
31
40
40
29
33
41
46
41
59
59
52
49
49
49
43
43
50
46
50
60
66
66
61
0
19
29
29
29
26
27
35
36
50
42
51
56
53
53
48
48
47
58
44
44
45
49
52
43
56
0
37
37
27
45
45
39
48
58
56
56
56
55
57
57
57
57
49
54
35
41
46
51
56
60
56
0
35
40
49
39
39
39
56
56
69
51
46
42
44
38
38
44
44
39
48
53
53
40
41
41
51
0
33
29
41
51
51
48
44
44
41
49
58
49
54
45
45
40
44
44
40
40
38
27
41
41
44
0
12
27
41
41
41
41
36
30
30
44
46
46
58
57
62
62
67
66
62
62
44
43
42
54
39
