1.0
1.0
0.8
0.5833333333333334
0.4375
0.3181818181818182
0.3076923076923077
0.3125
0.35294117647058826
0.325
0.3170731707317073
0.29545454545454547
0.32608695652173914
0.3333333333333333
0.32727272727272727
0.3
0.3230769230769231
0.37142857142857144
0.3611111111111111
0.34615384615384615
0.3411764705882353
0.33707865168539325
0.32967032967032966
0.3402061855670103
0.3592233009708738
0.35398230088495575
1.0
1.0
0.7142857142857143
0.42857142857142855
0.4375
0.5
0.4166666666666667
0.41935483870967744
0.37142857142857144
0.35135135135135137
0.3333333333333333
0.35555555555555557
0.375
0.39215686274509803
0.38461538461538464
0.4
0.39655172413793105
0.39344262295081966
0.4307692307692308
0.43661971830985913
0.4444444444444444
0.4666666666666667
0.44871794871794873
0.4642857142857143
0.45348837209302323
0.46153846153846156
1.0
1.0
0.7142857142857143
0.75
0.6363636363636364
0.5714285714285714
0.5882352941176471
0.631578947368421
0.6363636363636364
0.5555555555555556
0.5517241379310345
0.5483870967741935
0.5142857142857142
0.525
0.5121951219512195
0.5333333333333333
0.5106382978723404
0.5098039215686274
0.5192307692307693
0.5
0.5081967213114754
0.5
0.4782608695652174
0.4782608695652174
0.5068493150684932
0.5128205128205128
1.0
0.75
0.6363636363636364
0.6428571428571429
0.625
0.5238095238095238
0.48148148148148145
0.45161290322580644
0.5
0.5
0.5
0.5
0.46808510638297873
0.4230769230769231
0.4444444444444444
0.42857142857142855
0.45
0.4461538461538462
0.42028985507246375
0.4142857142857143
0.4189189189189189
0.4189189189189189
0.4155844155844156
0.4177215189873418
0.42528735632183906
0.4111111111111111
1.0
0.75
0.625
0.6363636363636364
0.5
0.4444444444444444
0.42857142857142855
0.5
0.4642857142857143
0.4827586206896552
0.4166666666666667
0.39473684210526316
0.425
0.4318181818181818
0.44680851063829785
0.46
0.43636363636363634
0.4067796610169492
0.3787878787878788
0.37681159420289856
0.37333333333333335
0.3625
0.37037037037037035
0.3563218390804598
0.3516483516483517
0.37
1.0
1.0
0.75
0.6363636363636364
0.5
0.45
0.45
0.48148148148148145
0.5
0.47368421052631576
0.4318181818181818
0.43478260869565216
0.4375
0.46
0.45454545454545453
0.4603174603174603
0.4411764705882353
0.43661971830985913
0.4266666666666667
0.43902439024390244
0.43529411764705883
0.4431818181818182
0.44086021505376344
0.44329896907216493
0.45454545454545453
0.4423076923076923
1.0
0.8
0.8333333333333334
0.9
0.6666666666666666
0.5238095238095238
0.46153846153846156
0.4375
0.42105263157894735
0.4418604651162791
0.42857142857142855
0.4074074074074074
0.42105263157894735
0.4426229508196721
0.4307692307692308
0.4027777777777778
0.38961038961038963
0.38271604938271603
0.40229885057471265
0.4090909090909091
0.3978494623655914
0.4
0.41414141414141414
0.4174757281553398
0.4166666666666667
0.4017857142857143
1.0
0.6
0.5454545454545454
0.5
0.5625
0.45
0.4583333333333333
0.4827586206896552
0.4375
0.42105263157894735
0.4
0.4090909090909091
0.4222222222222222
0.48
0.4909090909090909
0.4827586206896552
0.4461538461538462
0.44776119402985076
0.45714285714285713
0.4794520547945205
0.48717948717948717
0.4642857142857143
0.4482758620689655
0.449438202247191
0.45555555555555555
0.46236559139784944
1.0
0.8333333333333334
0.8888888888888888
0.75
0.5789473684210527
0.6086956521739131
0.4666666666666667
0.45161290322580644
0.4375
0.4358974358974359
0.45
0.4444444444444444
0.4074074074074074
0.39285714285714285
0.38333333333333336
0.36507936507936506
0.3787878787878788
0.37142857142857144
0.3698630136986301
0.37662337662337664
0.3950617283950617
0.39285714285714285
0.4044943820224719
0.4
0.4020618556701031
0.4158415841584158
1.0
0.8
0.4444444444444444
0.46153846153846156
0.4666666666666667
0.47619047619047616
0.43478260869565216
0.42857142857142855
0.4117647058823529
0.40540540540540543
0.4
0.40476190476190477
0.4090909090909091
0.425531914893617
0.42857142857142855
0.4423076923076923
0.4444444444444444
0.4098360655737705
0.42857142857142855
0.421875
0.4492753623188406
0.43243243243243246
0.42857142857142855
0.4444444444444444
0.45977011494252873
0.45555555555555555
1.0
0.6666666666666666
0.375
0.3333333333333333
0.35714285714285715
0.375
0.38095238095238093
0.38461538461538464
0.3448275862068966
0.3333333333333333
0.3684210526315789
0.35714285714285715
0.36363636363636365
0.3695652173913043
0.37254901960784315
0.39655172413793105
0.3870967741935484
0.390625
0.4090909090909091
0.38571428571428573
0.410958904109589
0.4
0.4050632911392405
0.4166666666666667
0.4
0.3829787234042553
1.0
1.0
0.6666666666666666
0.4666666666666667
0.3684210526315789
0.4090909090909091
0.34615384615384615
0.37037037037037035
0.36666666666666664
0.36666666666666664
0.3611111111111111
0.3902439024390244
0.3673469387755102
0.3333333333333333
0.3125
0.3382352941176471
0.3333333333333333
0.34615384615384615
0.3373493975903614
0.3409090909090909
0.33695652173913043
0.35106382978723405
0.35714285714285715
0.36633663366336633
0.3627450980392157
0.36792452830188677
1.0
1.0
0.8
0.5
0.42857142857142855
0.47058823529411764
0.4090909090909091
0.4074074074074074
0.41379310344827586
0.4375
0.45454545454545453
0.4864864864864865
0.46511627906976744
0.4583333333333333
0.4807692307692308
0.49122807017543857
0.45161290322580644
0.44776119402985076
0.4225352112676056
0.4230769230769231
0.40963855421686746
0.3977272727272727
0.42391304347826086
0.41935483870967744
0.41237113402061853
0.40816326530612246
1.0
1.0
1.0
0.6666666666666666
0.6153846153846154
0.6875
0.6666666666666666
0.6666666666666666
0.6153846153846154
0.6
0.6129032258064516
0.5945945945945946
0.6052631578947368
0.6097560975609756
0.5777777777777777
0.56
0.5849056603773585
0.5892857142857143
0.5573770491803278
0.5454545454545454
0.5211267605633803
0.5
0.48717948717948717
0.5061728395061729
0.5061728395061729
0.4942528735632184
1.0
0.8333333333333334
0.5454545454545454
0.5384615384615384
0.5
0.5238095238095238
0.52
0.4838709677419355
0.5405405405405406
0.5238095238095238
0.5238095238095238
0.4583333333333333
0.43137254901960786
0.42105263157894735
0.4166666666666667
0.4444444444444444
0.4264705882352941
0.4266666666666667
0.4266666666666667
0.42857142857142855
0.43037974683544306
0.42857142857142855
0.42857142857142855
0.4431818181818182
0.43478260869565216
0.4329896907216495
1.0
0.6666666666666666
0.6
0.5
0.47368421052631576
0.391304347826087
0.38461538461538464
0.40625
0.425
0.4186046511627907
0.3877551020408163
0.3333333333333333
0.3114754098360656
0.30303030303030304
0.3088235294117647
0.33783783783783783
0.3246753246753247
0.3291139240506329
0.3333333333333333
0.3563218390804598
0.35555555555555557
0.3684210526315789
0.35294117647058826
0.3490566037735849
0.35398230088495575
0.3706896551724138
1.0
0.8
0.4
0.3333333333333333
0.38461538461538464
0.4666666666666667
0.5
0.5263157894736842
0.5416666666666666
0.4827586206896552
0.42857142857142855
0.45
0.42857142857142855
0.43478260869565216
0.46
0.45454545454545453
0.43859649122807015
0.4032258064516129
0.38461538461538464
0.39436619718309857
0.39436619718309857
0.410958904109589
0.40540540540540543
0.4025974025974026
0.41975308641975306
0.4146341463414634
1.0
1.0
0.8
0.7777777777777778
0.5882352941176471
0.5454545454545454
0.6153846153846154
0.5666666666666667
0.5588235294117647
0.5277777777777778
0.5263157894736842
0.5
0.46808510638297873
0.4583333333333333
0.46
0.47058823529411764
0.45614035087719296
0.43548387096774194
0.4461538461538462
0.42857142857142855
0.4342105263157895
0.4177215189873418
0.4235294117647059
0.43820224719101125
0.43956043956043955
0.425531914893617
1.0
1.0
0.8571428571428571
0.6363636363636364
0.5625
0.5217391304347826
0.5
0.46875
0.45714285714285713
0.43243243243243246
0.4634146341463415
0.46511627906976744
0.4782608695652174
0.47058823529411764
0.44642857142857145
0.43333333333333335
0.42857142857142855
0.4393939393939394
0.4507042253521127
0.4473684210526316
0.425
0.40963855421686746
0.42045454545454547
0.40217391304347827
0.40404040404040403
0.4117647058823529
1.0
0.75
0.625
0.6666666666666666
0.5384615384615384
0.5294117647058824
0.4166666666666667
0.5
0.43243243243243246
0.425
0.4090909090909091
0.40425531914893614
0.42857142857142855
0.43137254901960786
0.43636363636363634
0.45614035087719296
0.45
0.4603174603174603
0.4626865671641791
0.47058823529411764
0.4657534246575342
0.4675324675324675
0.4634146341463415
0.47674418604651164
0.4777777777777778
0.4838709677419355
