1.0
1.0
0.7777777777777778
0.7
0.7
0.6428571428571429
0.5714285714285714
0.5416666666666666
0.5357142857142857
0.5263157894736842
0.525
0.5116279069767442
0.47058823529411764
0.43103448275862066
0.423728813559322
0.43548387096774194
0.4461538461538462
0.4583333333333333
0.45454545454545453
0.4430379746835443
0.4457831325301205
0.44047619047619047
0.42696629213483145
0.43333333333333335
0.44565217391304346
0.4574468085106383
1.0
1.0
0.75
0.6666666666666666
0.5
0.43478260869565216
0.4
0.45161290322580644
0.3888888888888889
0.38461538461538464
0.3902439024390244
0.42857142857142855
0.375
0.359375
0.3582089552238806
0.3611111111111111
0.34615384615384615
0.345679012345679
0.34523809523809523
0.3409090909090909
0.3516483516483517
0.35106382978723405
0.35
0.36538461538461536
0.35454545454545455
0.36283185840707965
1.0
1.0
1.0
0.6666666666666666
0.7
0.6923076923076923
0.5555555555555556
0.5217391304347826
0.4827586206896552
0.5151515151515151
0.5277777777777778
0.55
0.5116279069767442
0.5
0.5106382978723404
0.49056603773584906
0.5084745762711864
0.484375
0.45714285714285713
0.4605263157894737
0.43902439024390244
0.4482758620689655
0.43820224719101125
0.43478260869565216
0.42857142857142855
0.42718446601941745
1.0
1.0
0.8
0.7777777777777778
0.6666666666666666
0.5555555555555556
0.4782608695652174
0.5185185185185185
0.5357142857142857
0.5517241379310345
0.5333333333333333
0.53125
0.4864864864864865
0.48717948717948717
0.5121951219512195
0.5454545454545454
0.5306122448979592
0.5185185185185185
0.5087719298245614
0.5161290322580645
0.515625
0.5362318840579711
0.5068493150684932
0.5131578947368421
0.49382716049382713
0.4883720930232558
1.0
0.8333333333333334
0.5
0.5384615384615384
0.625
0.5882352941176471
0.5416666666666666
0.52
0.45161290322580644
0.4444444444444444
0.43243243243243246
0.47619047619047616
0.4883720930232558
0.4888888888888889
0.5102040816326531
0.48148148148148145
0.4909090909090909
0.5333333333333333
0.5
0.4788732394366197
0.4861111111111111
0.4605263157894737
0.45569620253164556
0.4567901234567901
0.4588235294117647
0.45555555555555555
1.0
0.75
0.5
0.5384615384615384
0.4444444444444444
0.45
0.4166666666666667
0.4
0.41379310344827586
0.4
0.4358974358974359
0.4634146341463415
0.4888888888888889
0.4791666666666667
0.46153846153846156
0.4716981132075472
0.47368421052631576
0.47368421052631576
0.47619047619047616
0.47692307692307695
0.4782608695652174
0.4714285714285714
0.4794520547945205
0.4794520547945205
0.49333333333333335
0.4805194805194805
1.0
0.5
0.5555555555555556
0.5833333333333334
0.5714285714285714
0.5294117647058824
0.47619047619047616
0.43333333333333335
0.42424242424242425
0.47368421052631576
0.4772727272727273
0.44680851063829785
0.42
0.40384615384615385
0.40350877192982454
0.4032258064516129
0.4
0.4
0.42028985507246375
0.4084507042253521
0.41025641025641024
0.4146341463414634
0.4166666666666667
0.4
0.39361702127659576
0.4020618556701031
1.0
1.0
0.8
0.8333333333333334
0.7
0.7142857142857143
0.6470588235294118
0.55
0.52
0.5517241379310345
0.4857142857142857
0.4418604651162791
0.4418604651162791
0.4117647058823529
0.42592592592592593
0.41379310344827586
0.40625
0.39705882352941174
0.40540540540540543
0.4125
0.40476190476190477
0.4186046511627907
0.4044943820224719
0.40217391304347827
0.40625
0.40594059405940597
1.0
1.0
0.5
0.4
0.4117647058823529
0.35
0.4
0.4444444444444444
0.4375
0.4444444444444444
0.41025641025641024
0.425
0.4444444444444444
0.42
0.4423076923076923
0.42857142857142855
0.4098360655737705
0.3968253968253968
0.4027777777777778
0.4230769230769231
0.4177215189873418
0.425
0.4090909090909091
0.40425531914893614
0.3958333333333333
0.3838383838383838
1.0
1.0
0.7272727272727273
0.7142857142857143
0.5882352941176471
0.5789473684210527
0.52
0.5357142857142857
0.5
0.4864864864864865
0.4888888888888889
0.48936170212765956
0.5102040816326531
0.4909090909090909
0.4745762711864407
0.48333333333333334
0.5079365079365079
0.5151515151515151
0.5223880597014925
0.5
0.5
0.5
0.4823529411764706
0.4666666666666667
0.45652173913043476
0.4375
1.0
1.0
0.6666666666666666
0.6666666666666666
0.6428571428571429
0.5294117647058824
0.5238095238095238
0.5416666666666666
0.5333333333333333
0.5454545454545454
0.5405405405405406
0.55
0.5681818181818182
0.5531914893617021
0.5510204081632653
0.5454545454545454
0.5172413793103449
0.48484848484848486
0.4714285714285714
0.44871794871794873
0.4457831325301205
0.4588235294117647
0.45555555555555555
0.4574468085106383
0.4631578947368421
0.45454545454545453
1.0
1.0
0.8333333333333334
0.8333333333333334
0.6470588235294118
0.5217391304347826
0.56
0.5769230769230769
0.5483870967741935
0.5588235294117647
0.5238095238095238
0.4583333333333333
0.4423076923076923
0.4339622641509434
0.45454545454545453
0.45
0.45588235294117646
0.45588235294117646
0.4266666666666667
0.41025641025641024
0.425
0.41975308641975306
0.43023255813953487
0.43010752688172044
0.41836734693877553
0.43137254901960786
1.0
0.8
0.5714285714285714
0.625
0.6666666666666666
0.625
0.5789473684210527
0.6190476190476191
0.5
0.45714285714285713
0.43902439024390244
0.48936170212765956
0.4423076923076923
0.42857142857142855
0.4426229508196721
0.4426229508196721
0.4444444444444444
0.4492753623188406
0.45714285714285713
0.4647887323943662
0.4594594594594595
0.4675324675324675
0.47560975609756095
0.47058823529411764
0.4777777777777778
0.4725274725274725
1.0
0.625
0.4
0.42105263157894735
0.42105263157894735
0.4782608695652174
0.52
0.5
0.5172413793103449
0.4411764705882353
0.42857142857142855
0.43902439024390244
0.4186046511627907
0.425531914893617
0.4117647058823529
0.42592592592592593
0.42105263157894735
0.4067796610169492
0.41935483870967744
0.4375
0.42857142857142855
0.4383561643835616
0.4533333333333333
0.45454545454545453
0.4567901234567901
0.45121951219512196
1.0
0.6666666666666666
0.5
0.5
0.4166666666666667
0.375
0.4117647058823529
0.4444444444444444
0.45
0.4074074074074074
0.41935483870967744
0.42857142857142855
0.40476190476190477
0.40816326530612246
0.38461538461538464
0.4074074074074074
0.42857142857142855
0.4482758620689655
0.46774193548387094
0.4393939393939394
0.463768115942029
0.4657534246575342
0.4868421052631579
0.4875
0.47058823529411764
0.48314606741573035
1.0
0.75
0.5384615384615384
0.47368421052631576
0.44
0.4642857142857143
0.45454545454545453
0.40540540540540543
0.3953488372093023
0.3695652173913043
0.39215686274509803
0.38596491228070173
0.4067796610169492
0.4153846153846154
0.4084507042253521
0.4
0.4125
0.4125
0.42168674698795183
0.4318181818181818
0.42696629213483145
0.42857142857142855
0.4329896907216495
0.43
0.42452830188679247
0.4351851851851852
1.0
0.75
0.5714285714285714
0.6666666666666666
0.7
0.5625
0.5909090909090909
0.48148148148148145
0.4838709677419355
0.48484848484848486
0.5
0.46511627906976744
0.5106382978723404
0.5370370370370371
0.5
0.5084745762711864
0.49206349206349204
0.48484848484848486
0.4583333333333333
0.4675324675324675
0.45121951219512196
0.4482758620689655
0.4444444444444444
0.43617021276595747
0.4329896907216495
0.43
1.0
1.0
1.0
0.7142857142857143
0.6470588235294118
0.631578947368421
0.5652173913043478
0.5483870967741935
0.5
0.47368421052631576
0.4883720930232558
0.46
0.4339622641509434
0.43333333333333335
0.42424242424242425
0.4246575342465753
0.40789473684210525
0.425
0.43373493975903615
0.4470588235294118
0.43333333333333335
0.45161290322580644
0.46875
0.47115384615384615
0.4636363636363636
0.4690265486725664
1.0
1.0
0.7142857142857143
0.5384615384615384
0.47368421052631576
0.4090909090909091
0.36
0.34615384615384615
0.41379310344827586
0.42424242424242425
0.4864864864864865
0.43902439024390244
0.4
0.4
0.41509433962264153
0.41818181818181815
0.4107142857142857
0.43103448275862066
0.42857142857142855
0.43283582089552236
0.42857142857142855
0.4383561643835616
0.4177215189873418
0.4166666666666667
0.4090909090909091
0.41304347826086957
1.0
1.0
0.8
0.75
0.4666666666666667
0.391304347826087
0.3448275862068966
0.3225806451612903
0.36363636363636365
0.3888888888888889
0.38461538461538464
0.36585365853658536
0.375
0.40384615384615385
0.4
0.4067796610169492
0.4
0.4126984126984127
0.43478260869565216
0.4266666666666667
0.4358974358974359
0.4146341463414634
0.4117647058823529
0.4175824175824176
0.4329896907216495
0.43
