1.0
0.375
0.4444444444444444
0.45454545454545453
0.42857142857142855
0.4090909090909091
0.42857142857142855
0.37142857142857144
0.325
0.3488372093023256
0.34782608695652173
0.34615384615384615
0.3508771929824561
0.3559322033898305
0.3787878787878788
0.37142857142857144
0.3698630136986301
0.38461538461538464
0.3902439024390244
0.4
0.4175824175824176
0.4020618556701031
0.4077669902912621
0.4074074074074074
0.40540540540540543
0.41379310344827586
1.0
1.0
1.0
0.875
0.6923076923076923
0.6666666666666666
0.7142857142857143
0.7083333333333334
0.6896551724137931
0.625
0.631578947368421
0.6046511627906976
0.6
0.6170212765957447
0.6078431372549019
0.5925925925925926
0.5964912280701754
0.6166666666666667
0.6166666666666667
0.6065573770491803
0.6
0.5882352941176471
0.5915492957746479
0.5641025641025641
0.5542168674698795
0.5632183908045977
1.0
1.0
0.6666666666666666
0.5454545454545454
0.4375
0.4
0.4074074074074074
0.36666666666666664
0.3684210526315789
0.375
0.3488372093023256
0.37777777777777777
0.3541666666666667
0.3673469387755102
0.36538461538461536
0.39285714285714285
0.3898305084745763
0.4126984126984127
0.4393939393939394
0.43283582089552236
0.4166666666666667
0.41333333333333333
0.40963855421686746
0.39080459770114945
0.4044943820224719
0.3978494623655914
1.0
0.8333333333333334
0.6666666666666666
0.5625
0.6
0.5217391304347826
0.4838709677419355
0.42857142857142855
0.41025641025641024
0.38636363636363635
0.375
0.36538461538461536
0.39285714285714285
0.3793103448275862
0.3709677419354839
0.352112676056338
0.3698630136986301
0.36363636363636365
0.35365853658536583
0.39080459770114945
0.38461538461538464
0.3723404255319149
0.3877551020408163
0.3883495145631068
0.37735849056603776
0.3783783783783784
1.0
0.5714285714285714
0.4
0.42857142857142855
0.47619047619047616
0.5
0.4827586206896552
0.5
0.4864864864864865
0.48717948717948717
0.4634146341463415
0.4782608695652174
0.48936170212765956
0.46153846153846156
0.45454545454545453
0.4406779661016949
0.42857142857142855
0.44776119402985076
0.45714285714285713
0.4594594594594595
0.4666666666666667
0.475
0.46511627906976744
0.45454545454545453
0.4673913043478261
0.4574468085106383
1.0
1.0
0.7142857142857143
0.6153846153846154
0.5
0.45454545454545453
0.46153846153846156
0.42857142857142855
0.42857142857142855
0.4473684210526316
0.4634146341463415
0.4666666666666667
0.4897959183673469
0.49056603773584906
0.4642857142857143
0.45
0.4444444444444444
0.4852941176470588
0.5
0.47297297297297297
0.47435897435897434
0.4878048780487805
0.47674418604651164
0.4666666666666667
0.46808510638297873
0.47368421052631576
1.0
0.5
0.6666666666666666
0.5454545454545454
0.5833333333333334
0.5714285714285714
0.5789473684210527
0.5238095238095238
0.5238095238095238
0.5
0.5
0.5
0.4666666666666667
0.4166666666666667
0.4
0.4418604651162791
0.45652173913043476
0.4791666666666667
0.47058823529411764
0.4528301886792453
0.43333333333333335
0.4375
0.4264705882352941
0.4166666666666667
0.4189189189189189
0.4146341463414634
1.0
1.0
0.7142857142857143
0.6666666666666666
0.6428571428571429
0.625
0.631578947368421
0.5909090909090909
0.6086956521739131
0.6206896551724138
0.5142857142857142
0.47619047619047616
0.45652173913043476
0.46808510638297873
0.4807692307692308
0.4642857142857143
0.5
0.4696969696969697
0.4714285714285714
0.49333333333333335
0.5
0.4875
0.5060240963855421
0.48314606741573035
0.4835164835164835
0.4742268041237113
1.0
0.7142857142857143
0.5333333333333333
0.5714285714285714
0.5833333333333334
0.5357142857142857
0.5555555555555556
0.4878048780487805
0.4782608695652174
0.4897959183673469
0.4807692307692308
0.4727272727272727
0.45161290322580644
0.4603174603174603
0.4696969696969697
0.4852941176470588
0.4714285714285714
0.4794520547945205
0.46153846153846156
0.4878048780487805
0.4823529411764706
0.47126436781609193
0.4782608695652174
0.47368421052631576
0.45918367346938777
0.46153846153846156
1.0
1.0
0.75
0.7142857142857143
0.5555555555555556
0.45454545454545453
0.4838709677419355
0.4857142857142857
0.4772727272727273
0.4375
0.4423076923076923
0.44642857142857145
0.4745762711864407
0.45901639344262296
0.47692307692307695
0.44594594594594594
0.4342105263157895
0.4375
0.4235294117647059
0.42528735632183906
0.43333333333333335
0.4583333333333333
0.45918367346938777
0.45918367346938777
0.45098039215686275
0.46226415094339623
1.0
1.0
0.625
0.6363636363636364
0.7142857142857143
0.6111111111111112
0.5714285714285714
0.5357142857142857
0.46875
0.5
0.45
0.46511627906976744
0.4489795918367347
0.43636363636363634
0.4098360655737705
0.3968253968253968
0.40625
0.39705882352941174
0.4
0.4
0.4
0.4050632911392405
0.39285714285714285
0.39285714285714285
0.4
0.4090909090909091
1.0
1.0
1.0
0.6666666666666666
0.625
0.5238095238095238
0.48
0.4444444444444444
0.4
0.4
0.4166666666666667
0.4146341463414634
0.4090909090909091
0.4117647058823529
0.3793103448275862
0.36507936507936506
0.35294117647058826
0.34782608695652173
0.375
0.3974358974358974
0.3902439024390244
0.375
0.3870967741935484
0.37755102040816324
0.38235294117647056
0.37383177570093457
1.0
0.875
0.5
0.55
0.5185185185185185
0.4827586206896552
0.4375
0.4857142857142857
0.5
0.4666666666666667
0.46808510638297873
0.43137254901960786
0.41509433962264153
0.43103448275862066
0.42857142857142855
0.44776119402985076
0.4411764705882353
0.4520547945205479
0.4473684210526316
0.4430379746835443
0.4375
0.4470588235294118
0.449438202247191
0.45161290322580644
0.45263157894736844
0.45098039215686275
1.0
0.75
0.625
0.5
0.4666666666666667
0.47058823529411764
0.47368421052631576
0.5
0.5217391304347826
0.5
0.5
0.45454545454545453
0.4722222222222222
0.4878048780487805
0.5
0.46153846153846156
0.48214285714285715
0.49122807017543857
0.4915254237288136
0.47058823529411764
0.4383561643835616
0.4533333333333333
0.44155844155844154
0.44155844155844154
0.4634146341463415
0.45348837209302323
1.0
0.5
0.2857142857142857
0.29411764705882354
0.2631578947368421
0.34782608695652173
0.36666666666666664
0.3548387096774194
0.35135135135135137
0.3333333333333333
0.3409090909090909
0.3469387755102041
0.36
0.34545454545454546
0.3728813559322034
0.38095238095238093
0.39705882352941174
0.40540540540540543
0.3875
0.39285714285714285
0.38636363636363635
0.3870967741935484
0.3877551020408163
0.38613861386138615
0.4056603773584906
0.4036697247706422
1.0
1.0
0.5714285714285714
0.5833333333333334
0.5384615384615384
0.4444444444444444
0.47619047619047616
0.48148148148148145
0.5172413793103449
0.5
0.5
0.45714285714285713
0.47368421052631576
0.4878048780487805
0.5116279069767442
0.5333333333333333
0.5102040816326531
0.5098039215686274
0.5
0.5185185185185185
0.543859649122807
0.532258064516129
0.5238095238095238
0.5072463768115942
0.5
0.5138888888888888
1.0
0.75
0.75
0.5454545454545454
0.47058823529411764
0.45
0.5
0.46153846153846156
0.4482758620689655
0.45454545454545453
0.4473684210526316
0.4358974358974359
0.42857142857142855
0.45652173913043476
0.46153846153846156
0.45454545454545453
0.43859649122807015
0.4426229508196721
0.4426229508196721
0.4375
0.45454545454545453
0.4246575342465753
0.4246575342465753
0.44
0.4268292682926829
0.4157303370786517
1.0
1.0
0.6666666666666666
0.6428571428571429
0.625
0.5217391304347826
0.4444444444444444
0.5
0.4857142857142857
0.525
0.5365853658536586
0.5476190476190477
0.5454545454545454
0.5416666666666666
0.5094339622641509
0.5
0.5081967213114754
0.484375
0.4444444444444444
0.44594594594594594
0.4605263157894737
0.4578313253012048
0.45454545454545453
0.449438202247191
0.43010752688172044
0.4375
1.0
1.0
1.0
0.7142857142857143
0.6666666666666666
0.5333333333333333
0.47058823529411764
0.45454545454545453
0.4782608695652174
0.5517241379310345
0.5625
0.5294117647058824
0.5263157894736842
0.4878048780487805
0.4772727272727273
0.4888888888888889
0.48
0.47058823529411764
0.4642857142857143
0.4745762711864407
0.46875
0.4714285714285714
0.4722222222222222
0.48
0.4810126582278481
0.4634146341463415
1.0
1.0
0.5714285714285714
0.5
0.5384615384615384
0.5882352941176471
0.5
0.48148148148148145
0.4666666666666667
0.45714285714285713
0.47368421052631576
0.4782608695652174
0.48
0.42857142857142855
0.43103448275862066
0.41935483870967744
0.417910447761194
0.4225352112676056
0.40789473684210525
0.4024390243902439
0.40476190476190477
0.41379310344827586
0.4222222222222222
0.40625
0.4
0.4019607843137255
