1.0
0.8333333333333334
0.6
0.6
0.5882352941176471
0.4583333333333333
0.43333333333333335
0.42857142857142855
0.41025641025641024
0.40476190476190477
0.40476190476190477
0.4222222222222222
0.425531914893617
0.39622641509433965
0.4067796610169492
0.3939393939393939
0.4
0.39473684210526316
0.379746835443038
0.37349397590361444
0.37209302325581395
0.3888888888888889
0.3870967741935484
0.3917525773195876
0.3979591836734694
0.39603960396039606
1.0
1.0
0.8
0.5
0.46153846153846156
0.5
0.391304347826087
0.35714285714285715
0.40625
0.40540540540540543
0.40476190476190477
0.4222222222222222
0.37735849056603776
0.35714285714285715
0.3548387096774194
0.36231884057971014
0.3561643835616438
0.3670886075949367
0.36585365853658536
0.3488372093023256
0.3626373626373626
0.3541666666666667
0.35714285714285715
0.34951456310679613
0.3577981651376147
0.35454545454545455
1.0
0.8
0.4166666666666667
0.3157894736842105
0.3181818181818182
0.41379310344827586
0.45161290322580644
0.4117647058823529
0.39473684210526316
0.375
0.3673469387755102
0.39215686274509803
0.37735849056603776
0.37037037037037035
0.39285714285714285
0.4
0.40625
0.39705882352941174
0.4084507042253521
0.40540540540540543
0.4
0.4050632911392405
0.4125
0.4125
0.42168674698795183
0.3977272727272727
1.0
1.0
0.5714285714285714
0.5
0.5
0.45454545454545453
0.3793103448275862
0.3333333333333333
0.3333333333333333
0.34782608695652173
0.3333333333333333
0.3157894736842105
0.3387096774193548
0.36363636363636365
0.35714285714285715
0.36486486486486486
0.35064935064935066
0.36585365853658536
0.36363636363636365
0.3548387096774194
0.3469387755102041
0.35
0.34951456310679613
0.36792452830188677
0.37272727272727274
0.3805309734513274
1.0
0.8
0.6666666666666666
0.6363636363636364
0.5384615384615384
0.5714285714285714
0.6111111111111112
0.5416666666666666
0.5357142857142857
0.5
0.47058823529411764
0.45714285714285713
0.5238095238095238
0.5111111111111111
0.47058823529411764
0.43103448275862066
0.4098360655737705
0.4461538461538462
0.45588235294117646
0.4507042253521127
0.4266666666666667
0.4230769230769231
0.4375
0.42857142857142855
0.42857142857142855
0.4105263157894737
1.0
1.0
1.0
1.0
0.5333333333333333
0.5
0.4090909090909091
0.38461538461538464
0.41935483870967744
0.43243243243243246
0.4418604651162791
0.38
0.40350877192982454
0.38333333333333336
0.40625
0.38571428571428573
0.3835616438356164
0.358974358974359
0.35294117647058826
0.3563218390804598
0.3707865168539326
0.3723404255319149
0.37755102040816324
0.38461538461538464
0.3867924528301887
0.39090909090909093
1.0
1.0
0.75
0.5555555555555556
0.5384615384615384
0.5
0.4444444444444444
0.42857142857142855
0.38461538461538464
0.4375
0.42424242424242425
0.42424242424242425
0.4444444444444444
0.4358974358974359
0.43902439024390244
0.42857142857142855
0.4318181818181818
0.44680851063829785
0.44
0.42592592592592593
0.4107142857142857
0.4067796610169492
0.4126984126984127
0.4393939393939394
0.43478260869565216
0.42857142857142855
1.0
0.75
0.5714285714285714
0.7272727272727273
0.6470588235294118
0.6666666666666666
0.5454545454545454
0.4642857142857143
0.4482758620689655
0.4375
0.40540540540540543
0.43902439024390244
0.45652173913043476
0.42857142857142855
0.40384615384615385
0.4
0.36363636363636365
0.38235294117647056
0.36486486486486486
0.358974358974359
0.35802469135802467
0.37349397590361444
0.37349397590361444
0.3764705882352941
0.39080459770114945
0.3888888888888889
1.0
0.8571428571428571
0.7272727272727273
0.7272727272727273
0.6
0.5555555555555556
0.6
0.6086956521739131
0.5714285714285714
0.6
0.59375
0.5428571428571428
0.5675675675675675
0.5789473684210527
0.5609756097560976
0.5217391304347826
0.5490196078431373
0.5283018867924528
0.5185185185185185
0.5357142857142857
0.5161290322580645
0.5
0.4647887323943662
0.4794520547945205
0.475
0.4588235294117647
1.0
1.0
1.0
0.8571428571428571
0.75
0.6470588235294118
0.6842105263157895
0.5833333333333334
0.5555555555555556
0.4857142857142857
0.4358974358974359
0.4090909090909091
0.4489795918367347
0.44
0.42592592592592593
0.4406779661016949
0.45901639344262296
0.47692307692307695
0.45714285714285713
0.4125
0.38636363636363635
0.3804347826086957
0.37755102040816324
0.37623762376237624
0.37735849056603776
0.37962962962962965
1.0
0.5
0.7142857142857143
0.6
0.5384615384615384
0.47058823529411764
0.47619047619047616
0.48
0.4827586206896552
0.46875
0.5
0.45
0.43902439024390244
0.44680851063829785
0.43636363636363634
0.423728813559322
0.3968253968253968
0.373134328358209
0.36764705882352944
0.3835616438356164
0.3815789473684211
0.38271604938271603
0.39080459770114945
0.39325842696629215
0.39361702127659576
0.4
1.0
0.8
0.8461538461538461
0.7058823529411765
0.5714285714285714
0.625
0.5714285714285714
0.5862068965517241
0.5789473684210527
0.575
0.5
0.4807692307692308
0.48148148148148145
0.4909090909090909
0.4827586206896552
0.4745762711864407
0.5
0.5
0.4927536231884058
0.5
0.5068493150684932
0.5131578947368421
0.49382716049382713
0.4942528735632184
0.4791666666666667
0.49
1.0
1.0
0.8571428571428571
0.6363636363636364
0.5555555555555556
0.5
0.5217391304347826
0.5416666666666666
0.5714285714285714
0.5625
0.5
0.5121951219512195
0.46808510638297873
0.4074074074074074
0.4107142857142857
0.43333333333333335
0.4461538461538462
0.45588235294117646
0.4520547945205479
0.4342105263157895
0.4358974358974359
0.4578313253012048
0.4482758620689655
0.44565217391304346
0.4479166666666667
0.4444444444444444
1.0
0.8571428571428571
0.6363636363636364
0.4666666666666667
0.45
0.4
0.4
0.45454545454545453
0.42105263157894735
0.3953488372093023
0.4166666666666667
0.42592592592592593
0.39655172413793105
0.38095238095238093
0.4057971014492754
0.4142857142857143
0.3972602739726027
0.40540540540540543
0.4230769230769231
0.4146341463414634
0.4166666666666667
0.4044943820224719
0.4375
0.43434343434343436
0.42452830188679247
0.43119266055045874
1.0
0.6666666666666666
0.7272727272727273
0.6153846153846154
0.625
0.631578947368421
0.6086956521739131
0.6153846153846154
0.6129032258064516
0.59375
0.5555555555555556
0.5
0.5
0.5102040816326531
0.5
0.47368421052631576
0.4603174603174603
0.45714285714285713
0.4266666666666667
0.4268292682926829
0.41379310344827586
0.41379310344827586
0.4157303370786517
0.4175824175824176
0.425531914893617
0.42857142857142855
1.0
0.7142857142857143
0.6666666666666666
0.6666666666666666
0.5454545454545454
0.5217391304347826
0.4642857142857143
0.4375
0.45454545454545453
0.47368421052631576
0.4318181818181818
0.41304347826086957
0.4
0.40350877192982454
0.39344262295081966
0.373134328358209
0.37681159420289856
0.3835616438356164
0.38461538461538464
0.3902439024390244
0.3902439024390244
0.40217391304347827
0.3894736842105263
0.39
0.39805825242718446
0.4056603773584906
1.0
0.75
0.5
0.6666666666666666
0.6153846153846154
0.47368421052631576
0.44
0.4444444444444444
0.45454545454545453
0.4594594594594595
0.4523809523809524
0.44680851063829785
0.4117647058823529
0.42592592592592593
0.40350877192982454
0.4067796610169492
0.390625
0.38571428571428573
0.3974358974358974
0.40476190476190477
0.4
0.4044943820224719
0.4065934065934066
0.3958333333333333
0.40404040404040403
0.4174757281553398
1.0
1.0
0.6666666666666666
0.36363636363636365
0.4375
0.5
0.47619047619047616
0.4642857142857143
0.4
0.4146341463414634
0.3541666666666667
0.33962264150943394
0.3620689655172414
0.35384615384615387
0.35294117647058826
0.34285714285714286
0.32894736842105265
0.3253012048192771
0.32558139534883723
0.3258426966292135
0.34065934065934067
0.3333333333333333
0.35714285714285715
0.33653846153846156
0.3490566037735849
0.34210526315789475
1.0
0.875
0.8
0.6923076923076923
0.5625
0.5454545454545454
0.4827586206896552
0.48484848484848486
0.42105263157894735
0.4090909090909091
0.38461538461538464
0.35714285714285715
0.375
0.36231884057971014
0.34210526315789475
0.345679012345679
0.3333333333333333
0.32954545454545453
0.3404255319148936
0.33663366336633666
0.3333333333333333
0.3302752293577982
0.3333333333333333
0.3445378151260504
0.344
0.34108527131782945
1.0
0.75
0.8
0.7272727272727273
0.6923076923076923
0.6875
0.631578947368421
0.5217391304347826
0.52
0.5185185185185185
0.4827586206896552
0.4838709677419355
0.47058823529411764
0.4722222222222222
0.4523809523809524
0.4666666666666667
0.4489795918367347
0.4230769230769231
0.44642857142857145
0.421875
0.4090909090909091
0.4142857142857143
0.40540540540540543
0.4050632911392405
0.38823529411764707
0.37777777777777777
