1.0
1.0
0.7777777777777778
0.7
0.7
0.6428571428571429
0.5714285714285714
0.5416666666666666
0.5357142857142857
0.5263157894736842
0.525
0.5116279069767442
0.45098039215686275
0.41379310344827586
0.4067796610169492
0.4032258064516129
0.4153846153846154
0.4166666666666667
0.4155844155844156
0.4050632911392405
0.40963855421686746
0.40476190476190477
0.39325842696629215
0.4
0.41304347826086957
0.425531914893617
1.0
1.0
0.75
0.6666666666666666
0.5
0.43478260869565216
0.4
0.45161290322580644
0.3888888888888889
0.38461538461538464
0.3902439024390244
0.40816326530612246
0.35714285714285715
0.34375
0.34328358208955223
0.3472222222222222
0.3333333333333333
0.3333333333333333
0.3333333333333333
0.32954545454545453
0.34065934065934067
0.3404255319148936
0.33
0.34615384615384615
0.33636363636363636
0.34513274336283184
1.0
1.0
1.0
0.6666666666666666
0.7
0.6923076923076923
0.5555555555555556
0.4782608695652174
0.4482758620689655
0.48484848484848486
0.5
0.525
0.4883720930232558
0.4772727272727273
0.48936170212765956
0.4716981132075472
0.4915254237288136
0.46875
0.44285714285714284
0.4342105263157895
0.4146341463414634
0.42528735632183906
0.4157303370786517
0.41304347826086957
0.40816326530612246
0.4077669902912621
1.0
1.0
0.8
0.7777777777777778
0.6666666666666666
0.5555555555555556
0.4782608695652174
0.5185185185185185
0.5357142857142857
0.5517241379310345
0.5333333333333333
0.53125
0.4864864864864865
0.48717948717948717
0.5121951219512195
0.5454545454545454
0.5306122448979592
0.5185185185185185
0.49122807017543857
0.4838709677419355
0.46875
0.4782608695652174
0.4520547945205479
0.4605263157894737
0.4444444444444444
0.4418604651162791
1.0
0.8333333333333334
0.5
0.5384615384615384
0.5625
0.5294117647058824
0.5
0.48
0.41935483870967744
0.3888888888888889
0.3783783783783784
0.42857142857142855
0.4418604651162791
0.4222222222222222
0.4489795918367347
0.42592592592592593
0.41818181818181815
0.4666666666666667
0.4393939393939394
0.4225352112676056
0.4305555555555556
0.40789473684210525
0.4050632911392405
0.4074074074074074
0.4117647058823529
0.4111111111111111
1.0
0.75
0.5
0.5384615384615384
0.4444444444444444
0.45
0.4166666666666667
0.4
0.41379310344827586
0.4
0.4358974358974359
0.43902439024390244
0.4666666666666667
0.4375
0.4230769230769231
0.4339622641509434
0.43859649122807015
0.43859649122807015
0.42857142857142855
0.4307692307692308
0.42028985507246375
0.4142857142857143
0.4246575342465753
0.4246575342465753
0.44
0.42857142857142855
1.0
0.5
0.5555555555555556
0.5833333333333334
0.5714285714285714
0.5294117647058824
0.47619047619047616
0.43333333333333335
0.42424242424242425
0.47368421052631576
0.4772727272727273
0.44680851063829785
0.42
0.40384615384615385
0.40350877192982454
0.4032258064516129
0.4
0.4
0.42028985507246375
0.4084507042253521
0.41025641025641024
0.4146341463414634
0.4166666666666667
0.4
0.39361702127659576
0.4020618556701031
1.0
1.0
0.8
0.8333333333333334
0.7
0.7142857142857143
0.6470588235294118
0.55
0.52
0.5517241379310345
0.4857142857142857
0.4418604651162791
0.4418604651162791
0.4117647058823529
0.42592592592592593
0.41379310344827586
0.40625
0.39705882352941174
0.3918918918918919
0.4
0.39285714285714285
0.4069767441860465
0.39325842696629215
0.391304347826087
0.3854166666666667
0.38613861386138615
1.0
1.0
0.5
0.4
0.4117647058823529
0.35
0.4
0.4444444444444444
0.4375
0.4166666666666667
0.38461538461538464
0.4
0.4222222222222222
0.4
0.4230769230769231
0.4107142857142857
0.39344262295081966
0.38095238095238093
0.3888888888888889
0.41025641025641024
0.4050632911392405
0.4125
0.3977272727272727
0.39361702127659576
0.3854166666666667
0.37373737373737376
1.0
1.0
0.7272727272727273
0.7142857142857143
0.5882352941176471
0.5789473684210527
0.52
0.5357142857142857
0.5
0.4864864864864865
0.4888888888888889
0.46808510638297873
0.46938775510204084
0.45454545454545453
0.4406779661016949
0.45
0.47619047619047616
0.48484848484848486
0.4925373134328358
0.4722222222222222
0.4594594594594595
0.46153846153846156
0.4470588235294118
0.43333333333333335
0.42391304347826086
0.40625
1.0
1.0
0.6666666666666666
0.6666666666666666
0.6428571428571429
0.5294117647058824
0.5238095238095238
0.5416666666666666
0.5333333333333333
0.5454545454545454
0.5405405405405406
0.55
0.5681818181818182
0.5531914893617021
0.5510204081632653
0.5454545454545454
0.5172413793103449
0.48484848484848486
0.45714285714285713
0.4358974358974359
0.42168674698795183
0.43529411764705883
0.43333333333333335
0.43617021276595747
0.4421052631578947
0.43434343434343436
1.0
1.0
0.8333333333333334
0.8333333333333334
0.6470588235294118
0.5217391304347826
0.52
0.5384615384615384
0.5161290322580645
0.5294117647058824
0.5
0.4375
0.4230769230769231
0.41509433962264153
0.43636363636363634
0.43333333333333335
0.4411764705882353
0.4411764705882353
0.41333333333333333
0.3974358974358974
0.4
0.3950617283950617
0.3953488372093023
0.3978494623655914
0.3877551020408163
0.4019607843137255
1.0
0.8
0.5714285714285714
0.625
0.6666666666666666
0.625
0.5789473684210527
0.6190476190476191
0.5
0.45714285714285713
0.43902439024390244
0.48936170212765956
0.4423076923076923
0.42857142857142855
0.4426229508196721
0.4426229508196721
0.4444444444444444
0.4492753623188406
0.45714285714285713
0.4647887323943662
0.4594594594594595
0.4675324675324675
0.47560975609756095
0.47058823529411764
0.4777777777777778
0.4725274725274725
1.0
0.625
0.4
0.3684210526315789
0.3684210526315789
0.391304347826087
0.44
0.42857142857142855
0.4482758620689655
0.38235294117647056
0.37142857142857144
0.3902439024390244
0.37209302325581395
0.3829787234042553
0.37254901960784315
0.3888888888888889
0.38596491228070173
0.3728813559322034
0.3870967741935484
0.40625
0.4
0.410958904109589
0.4266666666666667
0.42857142857142855
0.43209876543209874
0.4268292682926829
1.0
0.6666666666666666
0.5
0.5
0.4166666666666667
0.375
0.4117647058823529
0.4444444444444444
0.45
0.4074074074074074
0.41935483870967744
0.42857142857142855
0.40476190476190477
0.3877551020408163
0.36538461538461536
0.37037037037037035
0.39285714285714285
0.39655172413793105
0.41935483870967744
0.3939393939393939
0.42028985507246375
0.4246575342465753
0.4342105263157895
0.4375
0.4235294117647059
0.42696629213483145
1.0
0.75
0.5384615384615384
0.47368421052631576
0.44
0.4642857142857143
0.45454545454545453
0.40540540540540543
0.3953488372093023
0.3695652173913043
0.39215686274509803
0.38596491228070173
0.3898305084745763
0.4
0.39436619718309857
0.37333333333333335
0.3875
0.3875
0.39759036144578314
0.4090909090909091
0.4044943820224719
0.4065934065934066
0.41237113402061853
0.41
0.4056603773584906
0.4166666666666667
1.0
0.75
0.5714285714285714
0.6666666666666666
0.7
0.5
0.5454545454545454
0.4444444444444444
0.45161290322580644
0.45454545454545453
0.47368421052631576
0.4418604651162791
0.46808510638297873
0.5
0.46551724137931033
0.4576271186440678
0.4444444444444444
0.4393939393939394
0.4166666666666667
0.42857142857142855
0.4146341463414634
0.41379310344827586
0.4111111111111111
0.40425531914893614
0.4020618556701031
0.4
1.0
1.0
0.875
0.6428571428571429
0.5882352941176471
0.5789473684210527
0.5217391304347826
0.5161290322580645
0.4444444444444444
0.42105263157894735
0.4418604651162791
0.42
0.39622641509433965
0.4
0.3939393939393939
0.3835616438356164
0.3684210526315789
0.375
0.37349397590361444
0.38823529411764707
0.37777777777777777
0.3763440860215054
0.3958333333333333
0.40384615384615385
0.4
0.39823008849557523
1.0
1.0
0.7142857142857143
0.5384615384615384
0.47368421052631576
0.4090909090909091
0.36
0.34615384615384615
0.41379310344827586
0.42424242424242425
0.4864864864864865
0.43902439024390244
0.4
0.4
0.41509433962264153
0.41818181818181815
0.4107142857142857
0.43103448275862066
0.42857142857142855
0.43283582089552236
0.42857142857142855
0.4383561643835616
0.4050632911392405
0.40476190476190477
0.3977272727272727
0.391304347826087
1.0
1.0
0.8
0.75
0.4666666666666667
0.391304347826087
0.3448275862068966
0.3225806451612903
0.36363636363636365
0.3888888888888889
0.38461538461538464
0.36585365853658536
0.375
0.40384615384615385
0.4
0.3898305084745763
0.38333333333333336
0.3968253968253968
0.42028985507246375
0.41333333333333333
0.4230769230769231
0.4024390243902439
0.4
0.4065934065934066
0.422680412371134
0.42
