1.0
0.375
0.4444444444444444
0.45454545454545453
0.42857142857142855
0.36363636363636365
0.39285714285714285
0.34285714285714286
0.3
0.32558139534883723
0.32608695652173914
0.3076923076923077
0.2982456140350877
0.3050847457627119
0.3333333333333333
0.32857142857142857
0.3287671232876712
0.3333333333333333
0.34146341463414637
0.35294117647058826
0.37362637362637363
0.36082474226804123
0.3592233009708738
0.3611111111111111
0.36036036036036034
0.3706896551724138
1.0
1.0
1.0
0.875
0.6923076923076923
0.6666666666666666
0.6190476190476191
0.625
0.5862068965517241
0.53125
0.5526315789473685
0.5116279069767442
0.5111111111111111
0.5319148936170213
0.5294117647058824
0.5185185185185185
0.5263157894736842
0.55
0.55
0.5409836065573771
0.5384615384615384
0.5294117647058824
0.5352112676056338
0.5128205128205128
0.5060240963855421
0.5172413793103449
1.0
0.8
0.5555555555555556
0.45454545454545453
0.375
0.35
0.37037037037037035
0.3333333333333333
0.34210526315789475
0.325
0.3023255813953488
0.3333333333333333
0.3125
0.32653061224489793
0.3269230769230769
0.35714285714285715
0.3559322033898305
0.38095238095238093
0.4090909090909091
0.40298507462686567
0.3888888888888889
0.38666666666666666
0.3855421686746988
0.367816091954023
0.38202247191011235
0.3763440860215054
1.0
0.8333333333333334
0.5833333333333334
0.5
0.55
0.4782608695652174
0.45161290322580644
0.4
0.38461538461538464
0.36363636363636365
0.3541666666666667
0.34615384615384615
0.375
0.3620689655172414
0.3548387096774194
0.3380281690140845
0.3561643835616438
0.35064935064935066
0.34146341463414637
0.3793103448275862
0.37362637362637363
0.3617021276595745
0.37755102040816324
0.3786407766990291
0.36792452830188677
0.36936936936936937
1.0
0.5714285714285714
0.4
0.42857142857142855
0.38095238095238093
0.4090909090909091
0.41379310344827586
0.4375
0.43243243243243246
0.4358974358974359
0.4146341463414634
0.43478260869565216
0.44680851063829785
0.40384615384615385
0.4
0.3898305084745763
0.38095238095238093
0.40298507462686567
0.4142857142857143
0.4189189189189189
0.4266666666666667
0.4375
0.43023255813953487
0.42045454545454547
0.42391304347826086
0.4148936170212766
1.0
1.0
0.7142857142857143
0.6153846153846154
0.5
0.45454545454545453
0.46153846153846156
0.42857142857142855
0.42857142857142855
0.4473684210526316
0.43902439024390244
0.4222222222222222
0.4489795918367347
0.4528301886792453
0.42857142857142855
0.4
0.3968253968253968
0.4117647058823529
0.42857142857142855
0.40540540540540543
0.41025641025641024
0.4024390243902439
0.3953488372093023
0.3888888888888889
0.39361702127659576
0.4
1.0
0.5
0.6666666666666666
0.5454545454545454
0.5833333333333334
0.5714285714285714
0.5789473684210527
0.5238095238095238
0.5238095238095238
0.5
0.5
0.5
0.4666666666666667
0.4166666666666667
0.4
0.4186046511627907
0.43478260869565216
0.4583333333333333
0.45098039215686275
0.4339622641509434
0.38333333333333336
0.390625
0.38235294117647056
0.375
0.3783783783783784
0.3780487804878049
1.0
1.0
0.7142857142857143
0.6666666666666666
0.6428571428571429
0.625
0.631578947368421
0.5454545454545454
0.5652173913043478
0.5862068965517241
0.4857142857142857
0.4523809523809524
0.43478260869565216
0.44680851063829785
0.46153846153846156
0.44642857142857145
0.4838709677419355
0.45454545454545453
0.45714285714285713
0.48
0.4868421052631579
0.475
0.4939759036144578
0.47191011235955055
0.4725274725274725
0.4639175257731959
1.0
0.7142857142857143
0.5333333333333333
0.5714285714285714
0.5416666666666666
0.5
0.5277777777777778
0.4634146341463415
0.45652173913043476
0.46938775510204084
0.46153846153846156
0.45454545454545453
0.43548387096774194
0.4444444444444444
0.45454545454545453
0.47058823529411764
0.45714285714285713
0.4657534246575342
0.44871794871794873
0.4634146341463415
0.4470588235294118
0.4367816091954023
0.43478260869565216
0.43157894736842106
0.41836734693877553
0.4230769230769231
1.0
1.0
0.75
0.7142857142857143
0.5555555555555556
0.45454545454545453
0.45161290322580644
0.45714285714285713
0.4318181818181818
0.3958333333333333
0.40384615384615385
0.4107142857142857
0.4406779661016949
0.4262295081967213
0.4461538461538462
0.40540540540540543
0.39473684210526316
0.4
0.38823529411764707
0.39080459770114945
0.4
0.4166666666666667
0.41836734693877553
0.41836734693877553
0.4117647058823529
0.41509433962264153
1.0
1.0
0.625
0.6363636363636364
0.6428571428571429
0.5555555555555556
0.5238095238095238
0.5
0.4375
0.4722222222222222
0.425
0.4186046511627907
0.40816326530612246
0.4
0.3770491803278688
0.36507936507936506
0.375
0.36764705882352944
0.37142857142857144
0.36
0.36
0.35443037974683544
0.34523809523809523
0.34523809523809523
0.35294117647058826
0.36363636363636365
1.0
1.0
1.0
0.6666666666666666
0.4375
0.38095238095238093
0.36
0.3333333333333333
0.3
0.3142857142857143
0.3333333333333333
0.34146341463414637
0.3409090909090909
0.3333333333333333
0.3103448275862069
0.30158730158730157
0.29411764705882354
0.2898550724637681
0.3194444444444444
0.3333333333333333
0.3170731707317073
0.3068181818181818
0.3225806451612903
0.3163265306122449
0.3235294117647059
0.3177570093457944
1.0
0.875
0.5
0.55
0.48148148148148145
0.4482758620689655
0.40625
0.45714285714285713
0.47368421052631576
0.4444444444444444
0.44680851063829785
0.4117647058823529
0.39622641509433965
0.41379310344827586
0.4126984126984127
0.43283582089552236
0.4264705882352941
0.4383561643835616
0.4342105263157895
0.43037974683544306
0.425
0.43529411764705883
0.43820224719101125
0.44086021505376344
0.4421052631578947
0.4411764705882353
1.0
0.75
0.625
0.5
0.4666666666666667
0.47058823529411764
0.47368421052631576
0.5
0.5217391304347826
0.5
0.5
0.45454545454545453
0.4722222222222222
0.4878048780487805
0.5
0.46153846153846156
0.48214285714285715
0.49122807017543857
0.4915254237288136
0.47058823529411764
0.4383561643835616
0.44
0.42857142857142855
0.42857142857142855
0.45121951219512196
0.4418604651162791
1.0
0.5
0.2857142857142857
0.29411764705882354
0.2631578947368421
0.34782608695652173
0.36666666666666664
0.3548387096774194
0.35135135135135137
0.3333333333333333
0.3409090909090909
0.3469387755102041
0.36
0.34545454545454546
0.3559322033898305
0.36507936507936506
0.38235294117647056
0.3918918918918919
0.375
0.36904761904761907
0.36363636363636365
0.3655913978494624
0.3673469387755102
0.36633663366336633
0.3867924528301887
0.3853211009174312
1.0
1.0
0.5714285714285714
0.5833333333333334
0.5384615384615384
0.4444444444444444
0.47619047619047616
0.48148148148148145
0.5172413793103449
0.5
0.5
0.45714285714285713
0.47368421052631576
0.4878048780487805
0.5116279069767442
0.5333333333333333
0.5102040816326531
0.5098039215686274
0.5
0.5185185185185185
0.543859649122807
0.532258064516129
0.5238095238095238
0.5072463768115942
0.5
0.5138888888888888
1.0
0.75
0.75
0.5454545454545454
0.47058823529411764
0.45
0.45454545454545453
0.4230769230769231
0.41379310344827586
0.3939393939393939
0.3684210526315789
0.358974358974359
0.35714285714285715
0.391304347826087
0.38461538461538464
0.38181818181818183
0.3684210526315789
0.3770491803278688
0.3770491803278688
0.375
0.3939393939393939
0.3698630136986301
0.3698630136986301
0.38666666666666666
0.3780487804878049
0.3707865168539326
1.0
1.0
0.6666666666666666
0.6428571428571429
0.625
0.4782608695652174
0.4074074074074074
0.4375
0.42857142857142855
0.475
0.4878048780487805
0.5
0.5
0.5
0.4716981132075472
0.4666666666666667
0.47540983606557374
0.453125
0.4166666666666667
0.4189189189189189
0.4342105263157895
0.43373493975903615
0.4318181818181818
0.42696629213483145
0.40860215053763443
0.4166666666666667
1.0
1.0
1.0
0.7142857142857143
0.6666666666666666
0.5333333333333333
0.47058823529411764
0.4090909090909091
0.391304347826087
0.4827586206896552
0.5
0.47058823529411764
0.4473684210526316
0.4146341463414634
0.4090909090909091
0.4222222222222222
0.42
0.4117647058823529
0.4107142857142857
0.423728813559322
0.421875
0.42857142857142855
0.4305555555555556
0.44
0.43037974683544306
0.4146341463414634
1.0
1.0
0.5714285714285714
0.4166666666666667
0.46153846153846156
0.47058823529411764
0.4090909090909091
0.4074074074074074
0.4
0.37142857142857144
0.39473684210526316
0.41304347826086957
0.42
0.375
0.3793103448275862
0.3709677419354839
0.373134328358209
0.38028169014084506
0.3684210526315789
0.35365853658536583
0.35714285714285715
0.367816091954023
0.37777777777777777
0.3645833333333333
0.36
0.3627450980392157
