1.0
0.75
0.8
0.4
0.3125
0.3333333333333333
0.36
0.3333333333333333
0.36666666666666664
0.3235294117647059
0.3235294117647059
0.34285714285714286
0.3783783783783784
0.3695652173913043
0.3469387755102041
0.3333333333333333
0.3090909090909091
0.30158730158730157
0.2923076923076923
0.3
0.3013698630136986
0.3037974683544304
0.3125
0.3103448275862069
0.32222222222222224
0.31521739130434784
1.0
1.0
0.625
0.6666666666666666
0.6153846153846154
0.6
0.5714285714285714
0.5416666666666666
0.4375
0.4444444444444444
0.4358974358974359
0.42857142857142855
0.4444444444444444
0.47058823529411764
0.46296296296296297
0.4406779661016949
0.4153846153846154
0.39436619718309857
0.40540540540540543
0.4025974025974026
0.3950617283950617
0.3950617283950617
0.4
0.3888888888888889
0.39361702127659576
0.3917525773195876
1.0
1.0
0.7777777777777778
0.5384615384615384
0.47058823529411764
0.4090909090909091
0.41379310344827586
0.4411764705882353
0.38461538461538464
0.40476190476190477
0.36
0.34545454545454546
0.3684210526315789
0.3968253968253968
0.3787878787878788
0.352112676056338
0.36363636363636365
0.36585365853658536
0.36046511627906974
0.3516483516483517
0.35789473684210527
0.34
0.33980582524271846
0.34579439252336447
0.3394495412844037
0.3448275862068966
1.0
0.75
0.6
0.625
0.45454545454545453
0.42857142857142855
0.3333333333333333
0.3333333333333333
0.3076923076923077
0.3333333333333333
0.3333333333333333
0.3333333333333333
0.32558139534883723
0.2978723404255319
0.32
0.3090909090909091
0.29508196721311475
0.3125
0.32857142857142857
0.3333333333333333
0.3287671232876712
0.3333333333333333
0.3333333333333333
0.3333333333333333
0.3522727272727273
0.37362637362637363
1.0
0.6
0.5555555555555556
0.46153846153846156
0.4
0.4117647058823529
0.4090909090909091
0.4074074074074074
0.375
0.35135135135135137
0.38095238095238093
0.38636363636363635
0.3877551020408163
0.37254901960784315
0.375
0.3684210526315789
0.39344262295081966
0.3968253968253968
0.4
0.4142857142857143
0.4225352112676056
0.44
0.4358974358974359
0.43209876543209874
0.4457831325301205
0.43023255813953487
1.0
0.75
0.6666666666666666
0.6363636363636364
0.5294117647058824
0.4166666666666667
0.42857142857142855
0.43333333333333335
0.4
0.425
0.4186046511627907
0.41304347826086957
0.3958333333333333
0.42
0.39622641509433965
0.4
0.38461538461538464
0.36231884057971014
0.36619718309859156
0.37662337662337664
0.379746835443038
0.38372093023255816
0.37362637362637363
0.37373737373737376
0.37623762376237624
0.3644859813084112
1.0
0.6666666666666666
0.42857142857142855
0.5
0.4117647058823529
0.42105263157894735
0.36363636363636365
0.3333333333333333
0.3333333333333333
0.34375
0.3333333333333333
0.35714285714285715
0.37777777777777777
0.391304347826087
0.3877551020408163
0.37735849056603776
0.3448275862068966
0.3770491803278688
0.3880597014925373
0.38028169014084506
0.37333333333333335
0.379746835443038
0.3902439024390244
0.39285714285714285
0.3707865168539326
0.3655913978494624
1.0
1.0
1.0
0.625
0.4375
0.47368421052631576
0.3333333333333333
0.2702702702702703
0.275
0.27906976744186046
0.2857142857142857
0.32075471698113206
0.2982456140350877
0.29310344827586204
0.288135593220339
0.3333333333333333
0.34285714285714286
0.3380281690140845
0.35135135135135137
0.3333333333333333
0.3373493975903614
0.32954545454545453
0.32608695652173914
0.336734693877551
0.3177570093457944
0.32142857142857145
1.0
1.0
0.625
0.45454545454545453
0.46153846153846156
0.3684210526315789
0.4583333333333333
0.4482758620689655
0.3939393939393939
0.39473684210526316
0.4222222222222222
0.40425531914893614
0.37735849056603776
0.36363636363636365
0.38596491228070173
0.38333333333333336
0.375
0.3582089552238806
0.36231884057971014
0.38961038961038963
0.38461538461538464
0.3793103448275862
0.391304347826087
0.37755102040816324
0.3557692307692308
0.3619047619047619
1.0
0.8
0.5
0.42857142857142855
0.3888888888888889
0.35
0.4090909090909091
0.4230769230769231
0.4
0.43243243243243246
0.36363636363636365
0.34782608695652173
0.38
0.38461538461538464
0.40350877192982454
0.3709677419354839
0.36923076923076925
0.36764705882352944
0.375
0.37333333333333335
0.3614457831325301
0.34065934065934067
0.3404255319148936
0.3300970873786408
0.34285714285714286
0.35135135135135137
1.0
0.5
0.375
0.3333333333333333
0.23529411764705882
0.3
0.32
0.3076923076923077
0.36666666666666664
0.36363636363636365
0.3783783783783784
0.3902439024390244
0.4090909090909091
0.3877551020408163
0.39622641509433965
0.3548387096774194
0.3484848484848485
0.36764705882352944
0.38028169014084506
0.35526315789473684
0.3670886075949367
0.35365853658536583
0.3764705882352941
0.3707865168539326
0.35106382978723405
0.37373737373737376
1.0
0.5714285714285714
0.625
0.6363636363636364
0.4117647058823529
0.3888888888888889
0.3888888888888889
0.4
0.391304347826087
0.41379310344827586
0.42424242424242425
0.43243243243243246
0.43243243243243246
0.425531914893617
0.40816326530612246
0.3888888888888889
0.39655172413793105
0.4098360655737705
0.4153846153846154
0.4090909090909091
0.4
0.3972602739726027
0.4177215189873418
0.40476190476190477
0.4090909090909091
0.4065934065934066
1.0
1.0
0.6363636363636364
0.5384615384615384
0.4444444444444444
0.36
0.3103448275862069
0.3548387096774194
0.37142857142857144
0.41025641025641024
0.37777777777777777
0.3829787234042553
0.4
0.38461538461538464
0.3684210526315789
0.35
0.36923076923076925
0.3582089552238806
0.36619718309859156
0.35064935064935066
0.35443037974683544
0.36904761904761907
0.38636363636363635
0.37362637362637363
0.375
0.37755102040816324
1.0
1.0
0.75
0.6666666666666666
0.5625
0.47368421052631576
0.45
0.41379310344827586
0.40625
0.3888888888888889
0.3902439024390244
0.375
0.34615384615384615
0.3333333333333333
0.3114754098360656
0.30303030303030304
0.29577464788732394
0.2972972972972973
0.3026315789473684
0.3076923076923077
0.3125
0.3132530120481928
0.3103448275862069
0.31521739130434784
0.3118279569892473
0.30851063829787234
1.0
1.0
0.6363636363636364
0.5
0.4
0.42857142857142855
0.3870967741935484
0.38235294117647056
0.43243243243243246
0.4418604651162791
0.4444444444444444
0.4489795918367347
0.4444444444444444
0.4406779661016949
0.43333333333333335
0.45588235294117646
0.4492753623188406
0.4383561643835616
0.4358974358974359
0.43209876543209874
0.4090909090909091
0.41304347826086957
0.41304347826086957
0.42424242424242425
0.42574257425742573
0.41904761904761906
1.0
1.0
0.7142857142857143
0.5454545454545454
0.5
0.4
0.3333333333333333
0.32142857142857145
0.35294117647058826
0.34210526315789475
0.34146341463414637
0.3829787234042553
0.38
0.40384615384615385
0.42857142857142855
0.41379310344827586
0.40625
0.4090909090909091
0.39705882352941174
0.4057971014492754
0.4084507042253521
0.4266666666666667
0.4
0.39759036144578314
0.4186046511627907
0.4111111111111111
1.0
1.0
0.8571428571428571
0.6363636363636364
0.5833333333333334
0.4375
0.42105263157894735
0.47619047619047616
0.48
0.41935483870967744
0.3684210526315789
0.37209302325581395
0.3829787234042553
0.35294117647058826
0.3333333333333333
0.3225806451612903
0.328125
0.36231884057971014
0.352112676056338
0.33766233766233766
0.3291139240506329
0.35294117647058826
0.358695652173913
0.35106382978723405
0.3465346534653465
0.32407407407407407
1.0
1.0
0.6666666666666666
0.46153846153846156
0.3157894736842105
0.3181818181818182
0.3076923076923077
0.32142857142857145
0.3225806451612903
0.3235294117647059
0.3333333333333333
0.3191489361702128
0.29411764705882354
0.30357142857142855
0.3064516129032258
0.3384615384615385
0.3380281690140845
0.325
0.3253012048192771
0.32954545454545453
0.3225806451612903
0.3157894736842105
0.32989690721649484
0.3235294117647059
0.3238095238095238
0.3181818181818182
1.0
1.0
1.0
0.7142857142857143
0.46153846153846156
0.35294117647058826
0.3157894736842105
0.391304347826087
0.4074074074074074
0.3548387096774194
0.4166666666666667
0.425
0.40425531914893614
0.4117647058823529
0.39622641509433965
0.3888888888888889
0.40350877192982454
0.3898305084745763
0.4
0.3968253968253968
0.4117647058823529
0.4142857142857143
0.43243243243243246
0.4375
0.43373493975903615
0.42528735632183906
1.0
0.75
0.5714285714285714
0.6363636363636364
0.4375
0.3333333333333333
0.32142857142857145
0.3333333333333333
0.3548387096774194
0.4
0.4146341463414634
0.38636363636363635
0.425531914893617
0.38181818181818183
0.4
0.3787878787878788
0.35714285714285715
0.3472222222222222
0.35064935064935066
0.35
0.34146341463414637
0.3563218390804598
0.36666666666666664
0.3655913978494624
0.375
0.3838383838383838
