1.0
0.5
0.6
0.5454545454545454
0.375
0.42105263157894735
0.4583333333333333
0.4444444444444444
0.41935483870967744
0.42424242424242425
0.3783783783783784
0.42857142857142855
0.4222222222222222
0.425531914893617
0.425531914893617
0.46
0.46153846153846156
0.4727272727272727
0.4666666666666667
0.47619047619047616
0.4626865671641791
0.4647887323943662
0.4583333333333333
0.4533333333333333
0.46153846153846156
0.45121951219512196
1.0
1.0
0.6
0.6
0.5
0.4782608695652174
0.46153846153846156
0.42857142857142855
0.4444444444444444
0.4594594594594595
0.4594594594594595
0.46153846153846156
0.45454545454545453
0.44680851063829785
0.48
0.5
0.4666666666666667
0.4307692307692308
0.43478260869565216
0.4266666666666667
0.4155844155844156
0.4024390243902439
0.40476190476190477
0.4044943820224719
0.41935483870967744
0.4166666666666667
1.0
1.0
1.0
0.625
0.4166666666666667
0.3888888888888889
0.38461538461538464
0.3333333333333333
0.42105263157894735
0.3902439024390244
0.40476190476190477
0.391304347826087
0.38
0.39285714285714285
0.3770491803278688
0.36507936507936506
0.375
0.3787878787878788
0.36619718309859156
0.35526315789473684
0.37037037037037035
0.36470588235294116
0.36363636363636365
0.3473684210526316
0.3434343434343434
0.3619047619047619
1.0
1.0
0.7142857142857143
0.6153846153846154
0.5294117647058824
0.55
0.5416666666666666
0.5
0.4827586206896552
0.53125
0.5135135135135135
0.4878048780487805
0.4878048780487805
0.5
0.5208333333333334
0.5283018867924528
0.5185185185185185
0.5161290322580645
0.5076923076923077
0.5147058823529411
0.5066666666666667
0.4810126582278481
0.475
0.47058823529411764
0.46153846153846156
0.45263157894736844
1.0
1.0
0.7272727272727273
0.6
0.5625
0.5263157894736842
0.52
0.5172413793103449
0.4857142857142857
0.48717948717948717
0.4523809523809524
0.43478260869565216
0.42857142857142855
0.4716981132075472
0.4642857142857143
0.48333333333333334
0.4411764705882353
0.43661971830985913
0.4358974358974359
0.4268292682926829
0.4069767441860465
0.4044943820224719
0.425531914893617
0.4329896907216495
0.43434343434343436
0.4380952380952381
1.0
0.5714285714285714
0.7272727272727273
0.5625
0.5555555555555556
0.5454545454545454
0.5
0.48148148148148145
0.4838709677419355
0.5
0.48717948717948717
0.4772727272727273
0.4489795918367347
0.4339622641509434
0.45454545454545453
0.43333333333333335
0.4375
0.43478260869565216
0.4225352112676056
0.40789473684210525
0.41975308641975306
0.41379310344827586
0.41935483870967744
0.4105263157894737
0.40816326530612246
0.4095238095238095
1.0
0.8
0.7142857142857143
0.6
0.5294117647058824
0.5714285714285714
0.48
0.5517241379310345
0.47058823529411764
0.43243243243243246
0.42857142857142855
0.40425531914893614
0.3877551020408163
0.41509433962264153
0.43103448275862066
0.4098360655737705
0.43283582089552236
0.4166666666666667
0.4342105263157895
0.42857142857142855
0.425
0.4235294117647059
0.43820224719101125
0.44086021505376344
0.42857142857142855
0.42
1.0
0.6666666666666666
0.36363636363636365
0.26666666666666666
0.2777777777777778
0.30434782608695654
0.39285714285714285
0.3611111111111111
0.38095238095238093
0.3617021276595745
0.36538461538461536
0.37037037037037035
0.36363636363636365
0.4
0.38571428571428573
0.38666666666666666
0.3974358974358974
0.36904761904761907
0.3977272727272727
0.41304347826086957
0.3877551020408163
0.39
0.4
0.4090909090909091
0.4144144144144144
0.41379310344827586
1.0
0.8
0.5454545454545454
0.4666666666666667
0.47619047619047616
0.4230769230769231
0.39285714285714285
0.40625
0.43902439024390244
0.3958333333333333
0.42
0.41509433962264153
0.42857142857142855
0.45161290322580644
0.453125
0.4411764705882353
0.4583333333333333
0.44
0.44155844155844154
0.4470588235294118
0.43820224719101125
0.44565217391304346
0.4270833333333333
0.43
0.4230769230769231
0.4351851851851852
1.0
1.0
1.0
0.6666666666666666
0.6428571428571429
0.5555555555555556
0.5238095238095238
0.52
0.5517241379310345
0.5483870967741935
0.5428571428571428
0.5128205128205128
0.5476190476190477
0.5227272727272727
0.49056603773584906
0.5
0.5087719298245614
0.5333333333333333
0.5230769230769231
0.5147058823529411
0.5138888888888888
0.4875
0.4883720930232558
0.47191011235955055
0.4731182795698925
0.4845360824742268
1.0
1.0
0.7142857142857143
0.7777777777777778
0.6666666666666666
0.6
0.5555555555555556
0.5217391304347826
0.5
0.5
0.4411764705882353
0.4594594594594595
0.4634146341463415
0.44680851063829785
0.45098039215686275
0.48148148148148145
0.4915254237288136
0.4918032786885246
0.47619047619047616
0.4696969696969697
0.4714285714285714
0.4520547945205479
0.48717948717948717
0.4819277108433735
0.47674418604651164
0.47191011235955055
1.0
1.0
0.75
0.5
0.4444444444444444
0.4
0.375
0.42857142857142855
0.4838709677419355
0.5
0.43902439024390244
0.4318181818181818
0.3958333333333333
0.38461538461538464
0.35714285714285715
0.3898305084745763
0.3709677419354839
0.38461538461538464
0.38235294117647056
0.38666666666666666
0.3974358974358974
0.38271604938271603
0.36904761904761907
0.3695652173913043
0.36082474226804123
0.37
1.0
1.0
0.625
0.5454545454545454
0.4666666666666667
0.47058823529411764
0.5
0.43478260869565216
0.4444444444444444
0.4642857142857143
0.5
0.5294117647058824
0.5263157894736842
0.5348837209302325
0.4897959183673469
0.48148148148148145
0.48333333333333334
0.46153846153846156
0.45454545454545453
0.4444444444444444
0.44155844155844154
0.42857142857142855
0.4090909090909091
0.39361702127659576
0.40404040404040403
0.42718446601941745
1.0
0.5
0.6666666666666666
0.5
0.4117647058823529
0.3684210526315789
0.43478260869565216
0.46153846153846156
0.4482758620689655
0.47058823529411764
0.43243243243243246
0.45454545454545453
0.46808510638297873
0.48
0.46153846153846156
0.43103448275862066
0.41935483870967744
0.3880597014925373
0.4246575342465753
0.4
0.4117647058823529
0.42696629213483145
0.4148936170212766
0.3979591836734694
0.4077669902912621
0.38738738738738737
1.0
0.8
0.5
0.4444444444444444
0.391304347826087
0.39285714285714285
0.3939393939393939
0.38461538461538464
0.3902439024390244
0.38636363636363635
0.3829787234042553
0.3958333333333333
0.41818181818181815
0.4067796610169492
0.4126984126984127
0.4
0.3939393939393939
0.37681159420289856
0.3972602739726027
0.3918918918918919
0.40963855421686746
0.38636363636363635
0.3870967741935484
0.375
0.3711340206185567
0.39
1.0
1.0
0.5714285714285714
0.46153846153846156
0.42105263157894735
0.43478260869565216
0.39285714285714285
0.3793103448275862
0.36666666666666664
0.42857142857142855
0.4
0.3953488372093023
0.40425531914893614
0.40816326530612246
0.4230769230769231
0.4642857142857143
0.48333333333333334
0.47058823529411764
0.44594594594594594
0.45454545454545453
0.4430379746835443
0.45121951219512196
0.4470588235294118
0.42857142857142855
0.4270833333333333
0.42
1.0
0.8
0.6666666666666666
0.42857142857142855
0.5
0.4782608695652174
0.43333333333333335
0.47058823529411764
0.4444444444444444
0.425
0.3953488372093023
0.4090909090909091
0.40384615384615385
0.4
0.3548387096774194
0.3484848484848485
0.36231884057971014
0.37333333333333335
0.35802469135802467
0.3493975903614458
0.3563218390804598
0.3516483516483517
0.3617021276595745
0.3673469387755102
0.37
0.37254901960784315
1.0
0.75
0.6
0.5384615384615384
0.5
0.43478260869565216
0.38461538461538464
0.43333333333333335
0.45454545454545453
0.43243243243243246
0.42857142857142855
0.43478260869565216
0.4117647058823529
0.4339622641509434
0.47368421052631576
0.47368421052631576
0.4827586206896552
0.4838709677419355
0.5
0.49295774647887325
0.5066666666666667
0.4935064935064935
0.5
0.5
0.5
0.48936170212765956
1.0
0.8333333333333334
0.8
0.5333333333333333
0.4
0.391304347826087
0.42857142857142855
0.41935483870967744
0.43243243243243246
0.3902439024390244
0.37209302325581395
0.375
0.37735849056603776
0.3559322033898305
0.359375
0.3582089552238806
0.35714285714285715
0.36486486486486486
0.35443037974683544
0.36904761904761907
0.36363636363636365
0.3870967741935484
0.3958333333333333
0.40816326530612246
0.4095238095238095
0.4036697247706422
1.0
1.0
0.5555555555555556
0.46153846153846156
0.36363636363636365
0.4230769230769231
0.375
0.3783783783783784
0.3902439024390244
0.44
0.3793103448275862
0.359375
0.3424657534246575
0.34615384615384615
0.34146341463414637
0.34523809523809523
0.32954545454545453
0.34408602150537637
0.34
0.32075471698113206
0.3181818181818182
0.3125
0.31896551724137934
0.3305084745762712
0.34146341463414637
0.33858267716535434
