1.0
0.8333333333333334
0.6
0.6
0.5882352941176471
0.4583333333333333
0.43333333333333335
0.42857142857142855
0.41025641025641024
0.40476190476190477
0.40476190476190477
0.4222222222222222
0.425531914893617
0.4339622641509434
0.4406779661016949
0.42424242424242425
0.42857142857142855
0.42105263157894735
0.4050632911392405
0.40963855421686746
0.4069767441860465
0.4222222222222222
0.41935483870967744
0.422680412371134
0.42857142857142855
0.43564356435643564
1.0
1.0
0.8
0.5
0.46153846153846156
0.5
0.391304347826087
0.35714285714285715
0.40625
0.40540540540540543
0.40476190476190477
0.4222222222222222
0.37735849056603776
0.35714285714285715
0.3548387096774194
0.37681159420289856
0.3698630136986301
0.379746835443038
0.3780487804878049
0.36046511627906974
0.37362637362637363
0.3645833333333333
0.3673469387755102
0.3592233009708738
0.3669724770642202
0.36363636363636365
1.0
0.8
0.4166666666666667
0.3684210526315789
0.36363636363636365
0.4827586206896552
0.5161290322580645
0.47058823529411764
0.4473684210526316
0.425
0.40816326530612246
0.43137254901960786
0.41509433962264153
0.4074074074074074
0.42857142857142855
0.45
0.453125
0.45588235294117646
0.4647887323943662
0.47297297297297297
0.4666666666666667
0.46835443037974683
0.475
0.475
0.4819277108433735
0.45454545454545453
1.0
1.0
0.5714285714285714
0.5
0.5
0.45454545454545453
0.3793103448275862
0.3333333333333333
0.3333333333333333
0.3695652173913043
0.35185185185185186
0.3333333333333333
0.3709677419354839
0.4090909090909091
0.4
0.40540540540540543
0.38961038961038963
0.4024390243902439
0.3977272727272727
0.3870967741935484
0.37755102040816324
0.38
0.3883495145631068
0.4056603773584906
0.4090909090909091
0.415929203539823
1.0
0.8
0.6666666666666666
0.6363636363636364
0.5384615384615384
0.5714285714285714
0.6111111111111112
0.5416666666666666
0.5357142857142857
0.5
0.47058823529411764
0.45714285714285713
0.5238095238095238
0.5111111111111111
0.47058823529411764
0.43103448275862066
0.4098360655737705
0.4461538461538462
0.45588235294117646
0.4507042253521127
0.4266666666666667
0.4230769230769231
0.4375
0.42857142857142855
0.42857142857142855
0.42105263157894735
1.0
1.0
1.0
1.0
0.6
0.5555555555555556
0.45454545454545453
0.46153846153846156
0.4838709677419355
0.4864864864864865
0.4883720930232558
0.42
0.43859649122807015
0.4166666666666667
0.4375
0.4142857142857143
0.410958904109589
0.3974358974358974
0.4
0.40229885057471265
0.4157303370786517
0.4148936170212766
0.41836734693877553
0.4230769230769231
0.42452830188679247
0.42727272727272725
1.0
1.0
0.75
0.5555555555555556
0.5384615384615384
0.5
0.4444444444444444
0.47619047619047616
0.4230769230769231
0.46875
0.45454545454545453
0.45454545454545453
0.4722222222222222
0.46153846153846156
0.4634146341463415
0.4523809523809524
0.45454545454545453
0.46808510638297873
0.46
0.4444444444444444
0.42857142857142855
0.423728813559322
0.42857142857142855
0.45454545454545453
0.4492753623188406
0.44285714285714284
1.0
1.0
0.7142857142857143
0.8181818181818182
0.7058823529411765
0.7222222222222222
0.5909090909090909
0.5
0.4827586206896552
0.46875
0.43243243243243246
0.4634146341463415
0.4782608695652174
0.4489795918367347
0.4230769230769231
0.4166666666666667
0.3787878787878788
0.39705882352941174
0.3783783783783784
0.38461538461538464
0.38271604938271603
0.39759036144578314
0.39759036144578314
0.4
0.41379310344827586
0.4111111111111111
1.0
0.8571428571428571
0.7272727272727273
0.7272727272727273
0.6
0.5555555555555556
0.6
0.6086956521739131
0.5714285714285714
0.6
0.59375
0.5714285714285714
0.5945945945945946
0.6052631578947368
0.5853658536585366
0.5652173913043478
0.5882352941176471
0.5660377358490566
0.5555555555555556
0.5714285714285714
0.5483870967741935
0.53125
0.49295774647887325
0.5068493150684932
0.5125
0.49411764705882355
1.0
1.0
1.0
0.8571428571428571
0.75
0.7058823529411765
0.7368421052631579
0.625
0.5925925925925926
0.5142857142857142
0.46153846153846156
0.4318181818181818
0.46938775510204084
0.46
0.4444444444444444
0.4576271186440678
0.47540983606557374
0.49230769230769234
0.4714285714285714
0.425
0.3977272727272727
0.391304347826087
0.3979591836734694
0.39603960396039606
0.4056603773584906
0.4074074074074074
1.0
0.5
0.7142857142857143
0.6
0.5384615384615384
0.47058823529411764
0.47619047619047616
0.48
0.4827586206896552
0.46875
0.5
0.475
0.4634146341463415
0.46808510638297873
0.45454545454545453
0.4406779661016949
0.4126984126984127
0.40298507462686567
0.39705882352941174
0.410958904109589
0.40789473684210525
0.4074074074074074
0.42528735632183906
0.42696629213483145
0.425531914893617
0.43157894736842106
1.0
0.8
0.8461538461538461
0.7058823529411765
0.6190476190476191
0.6666666666666666
0.6071428571428571
0.6206896551724138
0.631578947368421
0.625
0.5434782608695652
0.5192307692307693
0.5185185185185185
0.5272727272727272
0.5172413793103449
0.5084745762711864
0.532258064516129
0.5303030303030303
0.5217391304347826
0.5277777777777778
0.5342465753424658
0.5394736842105263
0.5185185185185185
0.5172413793103449
0.5104166666666666
0.52
1.0
1.0
0.8571428571428571
0.6363636363636364
0.5555555555555556
0.5
0.5652173913043478
0.5833333333333334
0.6071428571428571
0.59375
0.5277777777777778
0.5365853658536586
0.48936170212765956
0.4444444444444444
0.44642857142857145
0.4666666666666667
0.47692307692307695
0.4852941176470588
0.4794520547945205
0.47368421052631576
0.47435897435897434
0.4939759036144578
0.4827586206896552
0.4782608695652174
0.4791666666666667
0.47474747474747475
1.0
1.0
0.7272727272727273
0.5333333333333333
0.5
0.44
0.43333333333333335
0.48484848484848486
0.4473684210526316
0.4186046511627907
0.4375
0.4444444444444444
0.41379310344827586
0.3968253968253968
0.42028985507246375
0.42857142857142855
0.410958904109589
0.4189189189189189
0.4358974358974359
0.43902439024390244
0.44047619047619047
0.42696629213483145
0.4583333333333333
0.45454545454545453
0.44339622641509435
0.44954128440366975
1.0
0.6666666666666666
0.7272727272727273
0.6153846153846154
0.625
0.631578947368421
0.6521739130434783
0.6538461538461539
0.7096774193548387
0.6875
0.6388888888888888
0.5952380952380952
0.5909090909090909
0.6122448979591837
0.5925925925925926
0.5614035087719298
0.5396825396825397
0.5285714285714286
0.49333333333333335
0.4878048780487805
0.47126436781609193
0.47126436781609193
0.47191011235955055
0.4725274725274725
0.4787234042553192
0.4897959183673469
1.0
0.7142857142857143
0.6666666666666666
0.6666666666666666
0.5454545454545454
0.5217391304347826
0.4642857142857143
0.4375
0.45454545454545453
0.47368421052631576
0.4318181818181818
0.41304347826086957
0.4
0.40350877192982454
0.39344262295081966
0.3880597014925373
0.391304347826087
0.3972602739726027
0.3974358974358974
0.4024390243902439
0.4024390243902439
0.41304347826086957
0.4105263157894737
0.41
0.42718446601941745
0.4339622641509434
1.0
0.75
0.6666666666666666
0.7777777777777778
0.6923076923076923
0.5789473684210527
0.52
0.5185185185185185
0.5151515151515151
0.5135135135135135
0.5
0.5106382978723404
0.47058823529411764
0.48148148148148145
0.45614035087719296
0.4576271186440678
0.4375
0.42857142857142855
0.44871794871794873
0.4523809523809524
0.4470588235294118
0.47191011235955055
0.4725274725274725
0.4583333333333333
0.46464646464646464
0.47572815533980584
1.0
1.0
0.6666666666666666
0.45454545454545453
0.5
0.5555555555555556
0.5238095238095238
0.5357142857142857
0.45714285714285713
0.4634146341463415
0.3958333333333333
0.37735849056603776
0.39655172413793105
0.38461538461538464
0.38235294117647056
0.37142857142857144
0.35526315789473684
0.3614457831325301
0.36046511627906974
0.3595505617977528
0.37362637362637363
0.3763440860215054
0.3979591836734694
0.38461538461538464
0.39622641509433965
0.38596491228070173
1.0
0.875
0.8
0.6923076923076923
0.5625
0.5454545454545454
0.4827586206896552
0.48484848484848486
0.42105263157894735
0.4090909090909091
0.38461538461538464
0.375
0.390625
0.37681159420289856
0.35526315789473684
0.35802469135802467
0.35714285714285715
0.3522727272727273
0.3617021276595745
0.36633663366336633
0.3619047619047619
0.3577981651376147
0.35964912280701755
0.3697478991596639
0.368
0.3643410852713178
1.0
0.75
0.8
0.7272727272727273
0.6923076923076923
0.6875
0.631578947368421
0.5652173913043478
0.56
0.5555555555555556
0.5172413793103449
0.5161290322580645
0.5
0.5
0.47619047619047616
0.4888888888888889
0.46938775510204084
0.4423076923076923
0.4642857142857143
0.4375
0.42424242424242425
0.42857142857142855
0.4189189189189189
0.43037974683544306
0.4235294117647059
0.4111111111111111
