1.0
0.6666666666666666
0.6666666666666666
0.46153846153846156
0.42857142857142855
0.47368421052631576
0.4782608695652174
0.5
0.48484848484848486
0.5135135135135135
0.47619047619047616
0.4375
0.4230769230769231
0.39655172413793105
0.39655172413793105
0.4444444444444444
0.47761194029850745
0.45714285714285713
0.45714285714285713
0.4533333333333333
0.46835443037974683
0.47560975609756095
0.4823529411764706
0.4823529411764706
0.48314606741573035
0.46875
1.0
1.0
1.0
0.625
0.5384615384615384
0.5625
0.6666666666666666
0.6
0.5666666666666667
0.59375
0.5135135135135135
0.5238095238095238
0.5106382978723404
0.5098039215686274
0.5098039215686274
0.5192307692307693
0.5178571428571429
0.5079365079365079
0.5223880597014925
0.49295774647887325
0.5
0.49333333333333335
0.48148148148148145
0.4659090909090909
0.4725274725274725
0.4583333333333333
1.0
0.8333333333333334
0.8
0.5333333333333333
0.4444444444444444
0.47368421052631576
0.5454545454545454
0.5384615384615384
0.4838709677419355
0.45714285714285713
0.4634146341463415
0.46511627906976744
0.46511627906976744
0.4897959183673469
0.5
0.4642857142857143
0.4426229508196721
0.46153846153846156
0.463768115942029
0.4444444444444444
0.45569620253164556
0.44047619047619047
0.42528735632183906
0.40217391304347827
0.40625
0.41346153846153844
1.0
0.8333333333333334
0.7272727272727273
0.6428571428571429
0.48
0.48148148148148145
0.41935483870967744
0.4
0.47619047619047616
0.42
0.41509433962264153
0.4406779661016949
0.4375
0.4264705882352941
0.410958904109589
0.4177215189873418
0.4125
0.4024390243902439
0.39080459770114945
0.39080459770114945
0.4175824175824176
0.4105263157894737
0.42424242424242425
0.4174757281553398
0.41509433962264153
0.4205607476635514
1.0
1.0
0.7142857142857143
0.5833333333333334
0.5882352941176471
0.5217391304347826
0.5
0.48484848484848486
0.4473684210526316
0.43478260869565216
0.43137254901960786
0.4339622641509434
0.4166666666666667
0.4375
0.42857142857142855
0.41333333333333333
0.43037974683544306
0.43529411764705883
0.45454545454545453
0.44086021505376344
0.4375
0.4326923076923077
0.42201834862385323
0.4144144144144144
0.415929203539823
0.41025641025641024
1.0
0.75
0.5
0.5333333333333333
0.5263157894736842
0.5
0.4782608695652174
0.5
0.5333333333333333
0.5
0.5142857142857142
0.475
0.4888888888888889
0.5
0.5102040816326531
0.5
0.49122807017543857
0.4915254237288136
0.49206349206349204
0.47692307692307695
0.4852941176470588
0.5
0.4868421052631579
0.4810126582278481
0.4810126582278481
0.4878048780487805
1.0
1.0
0.8333333333333334
0.7142857142857143
0.45454545454545453
0.5294117647058824
0.5714285714285714
0.5217391304347826
0.5
0.5161290322580645
0.5151515151515151
0.48717948717948717
0.5116279069767442
0.5
0.48936170212765956
0.48
0.5
0.5166666666666667
0.5
0.5211267605633803
0.49333333333333335
0.48148148148148145
0.47619047619047616
0.46511627906976744
0.45454545454545453
0.46153846153846156
1.0
1.0
1.0
1.0
0.9230769230769231
0.7058823529411765
0.6521739130434783
0.5769230769230769
0.5
0.4722222222222222
0.475
0.46511627906976744
0.44
0.4423076923076923
0.45454545454545453
0.47540983606557374
0.4852941176470588
0.4714285714285714
0.4473684210526316
0.4358974358974359
0.4375
0.4457831325301205
0.4482758620689655
0.4482758620689655
0.44086021505376344
0.4421052631578947
1.0
1.0
0.875
0.6666666666666666
0.5
0.5217391304347826
0.5384615384615384
0.5
0.45161290322580644
0.4864864864864865
0.5128205128205128
0.5121951219512195
0.5227272727272727
0.5319148936170213
0.5192307692307693
0.5272727272727272
0.5081967213114754
0.48484848484848486
0.4852941176470588
0.4794520547945205
0.4935064935064935
0.5061728395061729
0.48314606741573035
0.4583333333333333
0.45544554455445546
0.4563106796116505
1.0
0.5
0.42857142857142855
0.5
0.5833333333333334
0.5294117647058824
0.5
0.4230769230769231
0.4482758620689655
0.45714285714285713
0.4594594594594595
0.47368421052631576
0.5227272727272727
0.5217391304347826
0.5217391304347826
0.5319148936170213
0.5510204081632653
0.5660377358490566
0.5517241379310345
0.55
0.578125
0.5606060606060606
0.5428571428571428
0.5555555555555556
0.5316455696202531
0.5121951219512195
1.0
0.7142857142857143
0.46153846153846156
0.4117647058823529
0.3888888888888889
0.391304347826087
0.4482758620689655
0.45454545454545453
0.45714285714285713
0.43243243243243246
0.4418604651162791
0.4166666666666667
0.4423076923076923
0.40350877192982454
0.40625
0.4246575342465753
0.4155844155844156
0.4024390243902439
0.4
0.4222222222222222
0.41237113402061853
0.4158415841584158
0.4074074074074074
0.4090909090909091
0.40707964601769914
0.42016806722689076
1.0
0.5714285714285714
0.3333333333333333
0.2857142857142857
0.36363636363636365
0.36
0.38461538461538464
0.41379310344827586
0.41935483870967744
0.46153846153846156
0.47619047619047616
0.4883720930232558
0.4897959183673469
0.5
0.48333333333333334
0.46875
0.46875
0.47058823529411764
0.4342105263157895
0.4342105263157895
0.41975308641975306
0.42857142857142855
0.4157303370786517
0.4270833333333333
0.43434343434343436
0.43137254901960786
1.0
1.0
1.0
0.7142857142857143
0.5833333333333334
0.5625
0.5
0.45454545454545453
0.42857142857142855
0.40625
0.4166666666666667
0.4358974358974359
0.4090909090909091
0.38
0.3620689655172414
0.40625
0.417910447761194
0.4057971014492754
0.4225352112676056
0.4189189189189189
0.43209876543209874
0.43529411764705883
0.4418604651162791
0.4444444444444444
0.44329896907216493
0.45
1.0
0.8
0.625
0.45454545454545453
0.3888888888888889
0.46153846153846156
0.4444444444444444
0.4838709677419355
0.47058823529411764
0.45
0.4186046511627907
0.45652173913043476
0.46
0.4444444444444444
0.4482758620689655
0.4426229508196721
0.45161290322580644
0.4626865671641791
0.4533333333333333
0.44871794871794873
0.45121951219512196
0.4418604651162791
0.46153846153846156
0.45652173913043476
0.4536082474226804
0.45544554455445546
1.0
0.75
0.6666666666666666
0.6
0.5294117647058824
0.5217391304347826
0.48
0.4482758620689655
0.41935483870967744
0.4722222222222222
0.47368421052631576
0.47368421052631576
0.45454545454545453
0.4666666666666667
0.4782608695652174
0.49056603773584906
0.4642857142857143
0.4666666666666667
0.4603174603174603
0.47692307692307695
0.4714285714285714
0.4864864864864865
0.4868421052631579
0.48717948717948717
0.4939759036144578
0.4823529411764706
1.0
0.5
0.5714285714285714
0.5333333333333333
0.5
0.5
0.4642857142857143
0.4666666666666667
0.4594594594594595
0.4878048780487805
0.4878048780487805
0.5227272727272727
0.5416666666666666
0.5294117647058824
0.5272727272727272
0.543859649122807
0.5396825396825397
0.5147058823529411
0.5285714285714286
0.5277777777777778
0.52
0.5316455696202531
0.524390243902439
0.5116279069767442
0.5056179775280899
0.4946236559139785
1.0
1.0
0.875
0.8888888888888888
0.9090909090909091
0.8
0.7142857142857143
0.6
0.6071428571428571
0.5666666666666667
0.5625
0.6111111111111112
0.6052631578947368
0.6153846153846154
0.627906976744186
0.6136363636363636
0.5869565217391305
0.6122448979591837
0.5555555555555556
0.559322033898305
0.5483870967741935
0.546875
0.5588235294117647
0.5205479452054794
0.5064935064935064
0.5058823529411764
1.0
1.0
1.0
0.7142857142857143
0.7142857142857143
0.8
0.8181818181818182
0.7692307692307693
0.7333333333333333
0.6086956521739131
0.56
0.5357142857142857
0.5483870967741935
0.5428571428571428
0.4883720930232558
0.46
0.48214285714285715
0.4666666666666667
0.45161290322580644
0.44776119402985076
0.44285714285714284
0.4533333333333333
0.45569620253164556
0.4588235294117647
0.449438202247191
0.46236559139784944
1.0
1.0
0.8
0.5882352941176471
0.5454545454545454
0.48
0.4642857142857143
0.41935483870967744
0.42857142857142855
0.4523809523809524
0.43478260869565216
0.44680851063829785
0.4375
0.4807692307692308
0.4727272727272727
0.47540983606557374
0.4393939393939394
0.4264705882352941
0.47297297297297297
0.45
0.4457831325301205
0.4482758620689655
0.43820224719101125
0.4421052631578947
0.4411764705882353
0.42990654205607476
1.0
0.8
0.625
0.6666666666666666
0.7222222222222222
0.76
0.6551724137931034
0.6060606060606061
0.5833333333333334
0.5952380952380952
0.574468085106383
0.5714285714285714
0.5660377358490566
0.5333333333333333
0.53125
0.5294117647058824
0.5138888888888888
0.5205479452054794
0.5316455696202531
0.5180722891566265
0.5232558139534884
0.4946236559139785
0.5
0.4895833333333333
0.4803921568627451
0.47115384615384615
