1.0
0.5
0.6
0.5454545454545454
0.375
0.42105263157894735
0.4583333333333333
0.4444444444444444
0.41935483870967744
0.42424242424242425
0.3783783783783784
0.42857142857142855
0.4222222222222222
0.425531914893617
0.425531914893617
0.44
0.4423076923076923
0.45454545454545453
0.45
0.4603174603174603
0.44776119402985076
0.4507042253521127
0.4444444444444444
0.44
0.44871794871794873
0.43902439024390244
1.0
0.8
0.4
0.4
0.3888888888888889
0.391304347826087
0.38461538461538464
0.35714285714285715
0.3888888888888889
0.40540540540540543
0.40540540540540543
0.41025641025641024
0.4090909090909091
0.40425531914893614
0.44
0.46153846153846156
0.43333333333333335
0.4
0.4057971014492754
0.4
0.38961038961038963
0.3780487804878049
0.38095238095238093
0.38202247191011235
0.3978494623655914
0.3958333333333333
1.0
1.0
1.0
0.625
0.4166666666666667
0.3888888888888889
0.38461538461538464
0.3333333333333333
0.39473684210526316
0.36585365853658536
0.38095238095238093
0.3695652173913043
0.36
0.35714285714285715
0.3442622950819672
0.3333333333333333
0.34375
0.3484848484848485
0.3380281690140845
0.32894736842105265
0.345679012345679
0.3411764705882353
0.3409090909090909
0.3157894736842105
0.31313131313131315
0.3333333333333333
1.0
1.0
0.5714285714285714
0.5384615384615384
0.47058823529411764
0.5
0.5
0.46153846153846156
0.4482758620689655
0.5
0.4864864864864865
0.4634146341463415
0.4634146341463415
0.4772727272727273
0.5
0.5094339622641509
0.5
0.5
0.49230769230769234
0.5
0.49333333333333335
0.46835443037974683
0.4625
0.4588235294117647
0.45054945054945056
0.4421052631578947
1.0
1.0
0.7272727272727273
0.6
0.5625
0.5263157894736842
0.52
0.5172413793103449
0.4857142857142857
0.48717948717948717
0.4523809523809524
0.43478260869565216
0.42857142857142855
0.4716981132075472
0.4642857142857143
0.48333333333333334
0.4411764705882353
0.43661971830985913
0.4358974358974359
0.4268292682926829
0.4069767441860465
0.4044943820224719
0.425531914893617
0.4329896907216495
0.43434343434343436
0.4380952380952381
1.0
0.5714285714285714
0.7272727272727273
0.5625
0.5555555555555556
0.5454545454545454
0.5
0.48148148148148145
0.4838709677419355
0.5
0.48717948717948717
0.45454545454545453
0.42857142857142855
0.41509433962264153
0.43636363636363634
0.4166666666666667
0.421875
0.42028985507246375
0.4084507042253521
0.39473684210526316
0.4074074074074074
0.39080459770114945
0.3978494623655914
0.3894736842105263
0.3877551020408163
0.38095238095238093
1.0
0.6
0.5714285714285714
0.5
0.35294117647058826
0.42857142857142855
0.36
0.4482758620689655
0.38235294117647056
0.35135135135135137
0.35714285714285715
0.3404255319148936
0.32653061224489793
0.3584905660377358
0.3620689655172414
0.3442622950819672
0.373134328358209
0.3611111111111111
0.3815789473684211
0.37662337662337664
0.375
0.3764705882352941
0.39325842696629215
0.3978494623655914
0.3877551020408163
0.38
1.0
0.6666666666666666
0.36363636363636365
0.26666666666666666
0.2777777777777778
0.30434782608695654
0.39285714285714285
0.3333333333333333
0.3333333333333333
0.3191489361702128
0.3269230769230769
0.3333333333333333
0.32727272727272727
0.36666666666666664
0.34285714285714286
0.3466666666666667
0.34615384615384615
0.32142857142857145
0.3522727272727273
0.3695652173913043
0.3469387755102041
0.35
0.3619047619047619
0.37272727272727274
0.3783783783783784
0.3793103448275862
1.0
0.8
0.5454545454545454
0.4666666666666667
0.47619047619047616
0.4230769230769231
0.39285714285714285
0.40625
0.43902439024390244
0.3958333333333333
0.4
0.39622641509433965
0.4107142857142857
0.4032258064516129
0.40625
0.39705882352941174
0.4166666666666667
0.4
0.4025974025974026
0.38823529411764707
0.38202247191011235
0.391304347826087
0.375
0.38
0.375
0.37962962962962965
1.0
1.0
0.75
0.5555555555555556
0.5714285714285714
0.5
0.47619047619047616
0.48
0.5172413793103449
0.5161290322580645
0.5142857142857142
0.48717948717948717
0.5238095238095238
0.5
0.4528301886792453
0.46296296296296297
0.45614035087719296
0.48333333333333334
0.47692307692307695
0.47058823529411764
0.4444444444444444
0.425
0.43023255813953487
0.4157303370786517
0.40860215053763443
0.422680412371134
1.0
1.0
0.7142857142857143
0.7777777777777778
0.6666666666666666
0.6
0.5555555555555556
0.5217391304347826
0.5
0.5
0.4411764705882353
0.4594594594594595
0.4634146341463415
0.44680851063829785
0.45098039215686275
0.48148148148148145
0.4915254237288136
0.4918032786885246
0.47619047619047616
0.4696969696969697
0.4714285714285714
0.4520547945205479
0.47435897435897434
0.4578313253012048
0.45348837209302323
0.449438202247191
1.0
1.0
0.75
0.5
0.4444444444444444
0.4
0.375
0.42857142857142855
0.4838709677419355
0.5
0.43902439024390244
0.4318181818181818
0.3958333333333333
0.38461538461538464
0.35714285714285715
0.3898305084745763
0.3709677419354839
0.36923076923076925
0.36764705882352944
0.36
0.3717948717948718
0.35802469135802467
0.34523809523809523
0.34782608695652173
0.3402061855670103
0.35
1.0
1.0
0.625
0.5454545454545454
0.4666666666666667
0.47058823529411764
0.5
0.43478260869565216
0.4444444444444444
0.4642857142857143
0.5
0.5294117647058824
0.5
0.5116279069767442
0.46938775510204084
0.46296296296296297
0.45
0.4307692307692308
0.42424242424242425
0.4166666666666667
0.4155844155844156
0.40476190476190477
0.38636363636363635
0.3617021276595745
0.35353535353535354
0.36893203883495146
1.0
0.5
0.6666666666666666
0.42857142857142855
0.35294117647058826
0.3157894736842105
0.34782608695652173
0.38461538461538464
0.3793103448275862
0.4117647058823529
0.3783783783783784
0.4090909090909091
0.425531914893617
0.42
0.40384615384615385
0.3793103448275862
0.3709677419354839
0.34328358208955223
0.3835616438356164
0.3625
0.3764705882352941
0.39325842696629215
0.3829787234042553
0.3673469387755102
0.3786407766990291
0.36036036036036034
1.0
0.8
0.5
0.4444444444444444
0.391304347826087
0.35714285714285715
0.36363636363636365
0.358974358974359
0.36585365853658536
0.36363636363636365
0.3617021276595745
0.375
0.4
0.3898305084745763
0.3968253968253968
0.38461538461538464
0.3787878787878788
0.36231884057971014
0.3835616438356164
0.3783783783783784
0.39759036144578314
0.375
0.3763440860215054
0.3645833333333333
0.36082474226804123
0.38
1.0
1.0
0.5714285714285714
0.46153846153846156
0.42105263157894735
0.391304347826087
0.35714285714285715
0.3448275862068966
0.3333333333333333
0.4
0.375
0.37209302325581395
0.3617021276595745
0.3469387755102041
0.36538461538461536
0.4107142857142857
0.43333333333333335
0.4264705882352941
0.40540540540540543
0.4155844155844156
0.4050632911392405
0.4146341463414634
0.4117647058823529
0.3956043956043956
0.3958333333333333
0.39
1.0
0.8
0.6666666666666666
0.42857142857142855
0.5
0.4782608695652174
0.4
0.4411764705882353
0.4166666666666667
0.4
0.37209302325581395
0.38636363636363635
0.38461538461538464
0.38181818181818183
0.3387096774193548
0.3333333333333333
0.34782608695652173
0.3466666666666667
0.3333333333333333
0.3253012048192771
0.3333333333333333
0.31868131868131866
0.32978723404255317
0.336734693877551
0.34
0.3431372549019608
1.0
0.75
0.6
0.5384615384615384
0.5
0.43478260869565216
0.38461538461538464
0.43333333333333335
0.45454545454545453
0.43243243243243246
0.42857142857142855
0.43478260869565216
0.4117647058823529
0.4339622641509434
0.47368421052631576
0.47368421052631576
0.4827586206896552
0.4838709677419355
0.5
0.49295774647887325
0.49333333333333335
0.4805194805194805
0.4880952380952381
0.4883720930232558
0.48863636363636365
0.4787234042553192
1.0
0.8333333333333334
0.8
0.5333333333333333
0.4
0.391304347826087
0.42857142857142855
0.41935483870967744
0.43243243243243246
0.3902439024390244
0.37209302325581395
0.375
0.37735849056603776
0.3559322033898305
0.359375
0.3582089552238806
0.35714285714285715
0.36486486486486486
0.35443037974683544
0.35714285714285715
0.3522727272727273
0.3655913978494624
0.375
0.3877551020408163
0.3904761904761905
0.3853211009174312
1.0
0.75
0.4444444444444444
0.38461538461538464
0.3181818181818182
0.34615384615384615
0.3125
0.32432432432432434
0.34146341463414637
0.4
0.3448275862068966
0.328125
0.3150684931506849
0.32051282051282054
0.3170731707317073
0.32142857142857145
0.3068181818181818
0.3225806451612903
0.32
0.3018867924528302
0.3
0.29464285714285715
0.3017241379310345
0.3135593220338983
0.3252032520325203
0.31496062992125984
