1.0
0.6666666666666666
0.6666666666666666
0.38461538461538464
0.35714285714285715
0.42105263157894735
0.43478260869565216
0.4666666666666667
0.45454545454545453
0.4594594594594595
0.42857142857142855
0.3958333333333333
0.38461538461538464
0.3620689655172414
0.3620689655172414
0.4126984126984127
0.43283582089552236
0.4142857142857143
0.4142857142857143
0.4
0.4050632911392405
0.4146341463414634
0.4117647058823529
0.4117647058823529
0.4157303370786517
0.40625
1.0
1.0
1.0
0.625
0.46153846153846156
0.5
0.5714285714285714
0.48
0.4666666666666667
0.5
0.43243243243243246
0.42857142857142855
0.425531914893617
0.43137254901960786
0.43137254901960786
0.4423076923076923
0.44642857142857145
0.4444444444444444
0.44776119402985076
0.4225352112676056
0.4305555555555556
0.4266666666666667
0.41975308641975306
0.4090909090909091
0.4175824175824176
0.40625
1.0
0.5
0.5
0.3333333333333333
0.2777777777777778
0.2631578947368421
0.36363636363636365
0.38461538461538464
0.3548387096774194
0.34285714285714286
0.3170731707317073
0.32558139534883723
0.32558139534883723
0.3673469387755102
0.38461538461538464
0.35714285714285715
0.3442622950819672
0.3384615384615385
0.34782608695652173
0.3333333333333333
0.35443037974683544
0.34523809523809523
0.3333333333333333
0.31521739130434784
0.3125
0.3076923076923077
1.0
0.5
0.5454545454545454
0.42857142857142855
0.36
0.37037037037037035
0.3225806451612903
0.3142857142857143
0.40476190476190477
0.34
0.33962264150943394
0.3559322033898305
0.359375
0.35294117647058826
0.3424657534246575
0.34177215189873417
0.3375
0.32926829268292684
0.3218390804597701
0.3218390804597701
0.34065934065934067
0.3368421052631579
0.35353535353535354
0.33980582524271846
0.33962264150943394
0.3364485981308411
1.0
0.75
0.5714285714285714
0.5
0.47058823529411764
0.43478260869565216
0.39285714285714285
0.3939393939393939
0.3684210526315789
0.34782608695652173
0.35294117647058826
0.3584905660377358
0.3333333333333333
0.359375
0.34285714285714286
0.32
0.34177215189873417
0.32941176470588235
0.3522727272727273
0.34408602150537637
0.34375
0.34615384615384615
0.3394495412844037
0.3333333333333333
0.336283185840708
0.3333333333333333
1.0
0.75
0.4
0.3333333333333333
0.3684210526315789
0.36363636363636365
0.34782608695652173
0.38461538461538464
0.43333333333333335
0.4117647058823529
0.42857142857142855
0.4
0.4222222222222222
0.43478260869565216
0.4489795918367347
0.4423076923076923
0.43859649122807015
0.4406779661016949
0.42857142857142855
0.4153846153846154
0.4264705882352941
0.4444444444444444
0.4342105263157895
0.43037974683544306
0.43037974683544306
0.4146341463414634
1.0
1.0
0.8333333333333334
0.7142857142857143
0.45454545454545453
0.4117647058823529
0.42857142857142855
0.391304347826087
0.38461538461538464
0.41935483870967744
0.42424242424242425
0.41025641025641024
0.4186046511627907
0.4090909090909091
0.40425531914893614
0.38
0.4074074074074074
0.4166666666666667
0.40625
0.4084507042253521
0.38666666666666666
0.38271604938271603
0.38095238095238093
0.37209302325581395
0.36363636363636365
0.3626373626373626
1.0
1.0
1.0
1.0
0.8461538461538461
0.6470588235294118
0.5652173913043478
0.5
0.4375
0.4166666666666667
0.425
0.4186046511627907
0.4
0.40384615384615385
0.41818181818181815
0.4098360655737705
0.4264705882352941
0.4142857142857143
0.39473684210526316
0.38461538461538464
0.3875
0.39759036144578314
0.39080459770114945
0.39080459770114945
0.3870967741935484
0.3894736842105263
1.0
1.0
0.875
0.5833333333333334
0.4444444444444444
0.391304347826087
0.4230769230769231
0.39285714285714285
0.3548387096774194
0.40540540540540543
0.4358974358974359
0.43902439024390244
0.45454545454545453
0.46808510638297873
0.4423076923076923
0.45454545454545453
0.4426229508196721
0.42424242424242425
0.4264705882352941
0.4246575342465753
0.44155844155844154
0.4444444444444444
0.42696629213483145
0.40625
0.40594059405940597
0.39805825242718446
1.0
0.5
0.42857142857142855
0.5
0.5
0.4117647058823529
0.4090909090909091
0.34615384615384615
0.3448275862068966
0.37142857142857144
0.3783783783783784
0.39473684210526316
0.38636363636363635
0.391304347826087
0.391304347826087
0.3829787234042553
0.40816326530612246
0.41509433962264153
0.39655172413793105
0.4
0.4375
0.42424242424242425
0.4
0.4166666666666667
0.4050632911392405
0.3902439024390244
1.0
0.7142857142857143
0.46153846153846156
0.35294117647058826
0.3333333333333333
0.34782608695652173
0.41379310344827586
0.42424242424242425
0.42857142857142855
0.40540540540540543
0.3953488372093023
0.3541666666666667
0.38461538461538464
0.3508771929824561
0.359375
0.3698630136986301
0.36363636363636365
0.34146341463414637
0.32941176470588235
0.34444444444444444
0.3402061855670103
0.3465346534653465
0.3425925925925926
0.34545454545454546
0.34513274336283184
0.36134453781512604
1.0
0.5714285714285714
0.3333333333333333
0.2857142857142857
0.3181818181818182
0.32
0.34615384615384615
0.3448275862068966
0.3548387096774194
0.3333333333333333
0.35714285714285715
0.37209302325581395
0.3877551020408163
0.39285714285714285
0.38333333333333336
0.359375
0.359375
0.36764705882352944
0.34210526315789475
0.34210526315789475
0.32098765432098764
0.3333333333333333
0.3258426966292135
0.3333333333333333
0.3434343434343434
0.3431372549019608
1.0
1.0
1.0
0.7142857142857143
0.5833333333333334
0.5625
0.5
0.45454545454545453
0.39285714285714285
0.375
0.3611111111111111
0.38461538461538464
0.36363636363636365
0.34
0.3275862068965517
0.34375
0.3582089552238806
0.34782608695652173
0.352112676056338
0.35135135135135137
0.37037037037037035
0.36470588235294116
0.37209302325581395
0.37777777777777777
0.38144329896907214
0.39
1.0
0.6
0.5
0.36363636363636365
0.3333333333333333
0.4230769230769231
0.4074074074074074
0.3870967741935484
0.38235294117647056
0.35
0.32558139534883723
0.3695652173913043
0.38
0.37037037037037035
0.3793103448275862
0.3770491803278688
0.3870967741935484
0.40298507462686567
0.4
0.3974358974358974
0.4024390243902439
0.3953488372093023
0.4175824175824176
0.41304347826086957
0.41237113402061853
0.4158415841584158
1.0
0.75
0.6666666666666666
0.6
0.47058823529411764
0.43478260869565216
0.4
0.3793103448275862
0.3548387096774194
0.4166666666666667
0.42105263157894735
0.42105263157894735
0.4090909090909091
0.4222222222222222
0.43478260869565216
0.4339622641509434
0.4107142857142857
0.4
0.38095238095238093
0.4
0.4
0.40540540540540543
0.40789473684210525
0.41025641025641024
0.42168674698795183
0.4117647058823529
1.0
0.5
0.5714285714285714
0.4666666666666667
0.4375
0.4
0.35714285714285715
0.36666666666666664
0.35135135135135137
0.34146341463414637
0.34146341463414637
0.38636363636363635
0.4166666666666667
0.39215686274509803
0.38181818181818183
0.40350877192982454
0.4126984126984127
0.39705882352941174
0.4142857142857143
0.4166666666666667
0.41333333333333333
0.4177215189873418
0.4146341463414634
0.4069767441860465
0.4044943820224719
0.3978494623655914
1.0
1.0
0.75
0.7777777777777778
0.8181818181818182
0.7333333333333333
0.5714285714285714
0.48
0.4642857142857143
0.43333333333333335
0.4375
0.4444444444444444
0.4473684210526316
0.46153846153846156
0.4883720930232558
0.4772727272727273
0.45652173913043476
0.4897959183673469
0.4444444444444444
0.4576271186440678
0.43548387096774194
0.4375
0.4411764705882353
0.410958904109589
0.4025974025974026
0.4117647058823529
1.0
1.0
1.0
0.7142857142857143
0.7142857142857143
0.7
0.7272727272727273
0.6923076923076923
0.6666666666666666
0.5217391304347826
0.48
0.4642857142857143
0.4838709677419355
0.4857142857142857
0.4418604651162791
0.42
0.44642857142857145
0.43333333333333335
0.41935483870967744
0.417910447761194
0.4
0.38666666666666666
0.3924050632911392
0.38823529411764707
0.38202247191011235
0.3978494623655914
1.0
0.6
0.6
0.47058823529411764
0.45454545454545453
0.4
0.39285714285714285
0.3548387096774194
0.37142857142857144
0.38095238095238093
0.3695652173913043
0.3829787234042553
0.375
0.4230769230769231
0.41818181818181815
0.4262295081967213
0.3939393939393939
0.38235294117647056
0.43243243243243246
0.4125
0.40963855421686746
0.40229885057471265
0.39325842696629215
0.4
0.4019607843137255
0.3925233644859813
1.0
0.8
0.5
0.5333333333333333
0.5555555555555556
0.6
0.5172413793103449
0.45454545454545453
0.4444444444444444
0.4523809523809524
0.425531914893617
0.42857142857142855
0.4339622641509434
0.4166666666666667
0.421875
0.4264705882352941
0.4166666666666667
0.4246575342465753
0.4430379746835443
0.43373493975903615
0.43023255813953487
0.40860215053763443
0.4148936170212766
0.40625
0.4019607843137255
0.3942307692307692
