1.0
0.75
0.8
0.6875
0.5789473684210527
0.5652173913043478
0.5172413793103449
0.5454545454545454
0.5428571428571428
0.5526315789473685
0.55
0.5365853658536586
0.5
0.5294117647058824
0.5370370370370371
0.5263157894736842
0.5081967213114754
0.5
0.5
0.4864864864864865
0.49333333333333335
0.5061728395061729
0.4939759036144578
0.4782608695652174
0.46938775510204084
0.47
1.0
0.5
0.5
0.5
0.5
0.5625
0.5
0.5
0.41379310344827586
0.41935483870967744
0.39473684210526316
0.4186046511627907
0.391304347826087
0.4117647058823529
0.42592592592592593
0.43859649122807015
0.43333333333333335
0.43283582089552236
0.4166666666666667
0.410958904109589
0.43037974683544306
0.42168674698795183
0.42045454545454547
0.4111111111111111
0.40625
0.41836734693877553
1.0
1.0
1.0
0.5833333333333334
0.5
0.47058823529411764
0.4166666666666667
0.3448275862068966
0.36363636363636365
0.3611111111111111
0.35135135135135137
0.3829787234042553
0.36538461538461536
0.3584905660377358
0.36363636363636365
0.3793103448275862
0.4032258064516129
0.40625
0.4117647058823529
0.3888888888888889
0.3670886075949367
0.3625
0.37349397590361444
0.39080459770114945
0.40425531914893614
0.4105263157894737
1.0
1.0
0.8
0.5833333333333334
0.5
0.4782608695652174
0.4074074074074074
0.4375
0.4411764705882353
0.43243243243243246
0.3953488372093023
0.4
0.3958333333333333
0.40816326530612246
0.4423076923076923
0.46296296296296297
0.4745762711864407
0.4666666666666667
0.42424242424242425
0.42857142857142855
0.4444444444444444
0.44
0.45
0.4578313253012048
0.4418604651162791
0.43478260869565216
1.0
1.0
0.7142857142857143
0.5454545454545454
0.4
0.3684210526315789
0.37037037037037035
0.375
0.4117647058823529
0.40540540540540543
0.42857142857142855
0.3958333333333333
0.4117647058823529
0.4166666666666667
0.4
0.4
0.39436619718309857
0.3815789473684211
0.379746835443038
0.3902439024390244
0.39759036144578314
0.4090909090909091
0.4
0.40860215053763443
0.40425531914893614
0.40625
1.0
1.0
0.5555555555555556
0.6
0.6
0.5789473684210527
0.6086956521739131
0.6153846153846154
0.5454545454545454
0.5135135135135135
0.5
0.5116279069767442
0.5
0.5111111111111111
0.5102040816326531
0.5272727272727272
0.5263157894736842
0.5333333333333333
0.5230769230769231
0.5070422535211268
0.5205479452054794
0.5066666666666667
0.5194805194805194
0.524390243902439
0.5287356321839081
0.532608695652174
1.0
1.0
0.25
0.4666666666666667
0.42105263157894735
0.4090909090909091
0.37037037037037035
0.36666666666666664
0.37142857142857144
0.375
0.3617021276595745
0.37254901960784315
0.36363636363636365
0.35714285714285715
0.3793103448275862
0.36923076923076925
0.36231884057971014
0.352112676056338
0.3561643835616438
0.38461538461538464
0.375
0.36470588235294116
0.3563218390804598
0.37777777777777777
0.3723404255319149
0.37373737373737376
1.0
1.0
0.8
0.6666666666666666
0.7142857142857143
0.55
0.4782608695652174
0.5
0.5161290322580645
0.47058823529411764
0.4594594594594595
0.4358974358974359
0.4186046511627907
0.46938775510204084
0.41379310344827586
0.4090909090909091
0.4
0.3888888888888889
0.38461538461538464
0.38461538461538464
0.38823529411764707
0.3953488372093023
0.3977272727272727
0.38461538461538464
0.40425531914893614
0.40625
1.0
0.625
0.6
0.4
0.3684210526315789
0.30434782608695654
0.39285714285714285
0.41379310344827586
0.4166666666666667
0.38461538461538464
0.4186046511627907
0.3958333333333333
0.37037037037037035
0.3620689655172414
0.36065573770491804
0.375
0.3880597014925373
0.391304347826087
0.39436619718309857
0.40540540540540543
0.38961038961038963
0.4024390243902439
0.4166666666666667
0.41379310344827586
0.42391304347826086
0.42391304347826086
1.0
1.0
0.5
0.5555555555555556
0.5833333333333334
0.6153846153846154
0.6470588235294118
0.631578947368421
0.56
0.5357142857142857
0.5806451612903226
0.5384615384615384
0.525
0.5434782608695652
0.4716981132075472
0.45614035087719296
0.45
0.463768115942029
0.4533333333333333
0.4430379746835443
0.4470588235294118
0.4431818181818182
0.45054945054945056
0.4421052631578947
0.4387755102040816
0.42718446601941745
1.0
0.5
0.625
0.6923076923076923
0.7
0.64
0.6428571428571429
0.5625
0.5555555555555556
0.5128205128205128
0.5111111111111111
0.47058823529411764
0.4727272727272727
0.47540983606557374
0.46875
0.4626865671641791
0.4305555555555556
0.4189189189189189
0.40789473684210525
0.425
0.4
0.4044943820224719
0.4
0.3877551020408163
0.38235294117647056
0.3904761904761905
1.0
0.6
0.5454545454545454
0.5
0.5
0.4230769230769231
0.3548387096774194
0.4117647058823529
0.4444444444444444
0.4418604651162791
0.44680851063829785
0.4489795918367347
0.41509433962264153
0.41818181818181815
0.4067796610169492
0.38461538461538464
0.3939393939393939
0.39705882352941174
0.39473684210526316
0.3780487804878049
0.38095238095238093
0.3595505617977528
0.35555555555555557
0.3723404255319149
0.3854166666666667
0.3838383838383838
1.0
1.0
1.0
1.0
0.5454545454545454
0.47058823529411764
0.5
0.43478260869565216
0.4482758620689655
0.4375
0.43243243243243246
0.4358974358974359
0.4444444444444444
0.40816326530612246
0.4117647058823529
0.4074074074074074
0.4
0.4126984126984127
0.3939393939393939
0.4
0.3918918918918919
0.41025641025641024
0.425
0.4186046511627907
0.4318181818181818
0.42857142857142855
1.0
1.0
1.0
0.875
0.7142857142857143
0.6875
0.5714285714285714
0.625
0.6
0.6296296296296297
0.6129032258064516
0.6
0.6111111111111112
0.6216216216216216
0.5952380952380952
0.5952380952380952
0.6086956521739131
0.6
0.5961538461538461
0.5714285714285714
0.55
0.5303030303030303
0.5285714285714286
0.527027027027027
0.5384615384615384
0.5180722891566265
1.0
1.0
1.0
0.5454545454545454
0.5333333333333333
0.5294117647058824
0.5
0.48
0.4482758620689655
0.45714285714285713
0.43902439024390244
0.4523809523809524
0.46511627906976744
0.4897959183673469
0.5094339622641509
0.46551724137931033
0.4745762711864407
0.46774193548387094
0.4696969696969697
0.45714285714285713
0.4657534246575342
0.45569620253164556
0.4625
0.4578313253012048
0.45555555555555555
0.46236559139784944
1.0
1.0
1.0
0.8333333333333334
0.7142857142857143
0.6190476190476191
0.6153846153846154
0.5
0.5151515151515151
0.5142857142857142
0.5
0.44680851063829785
0.4423076923076923
0.43859649122807015
0.4406779661016949
0.45901639344262296
0.4393939393939394
0.40540540540540543
0.4050632911392405
0.40963855421686746
0.4318181818181818
0.43157894736842106
0.4158415841584158
0.4077669902912621
0.4205607476635514
0.42201834862385323
1.0
0.75
0.5555555555555556
0.46153846153846156
0.4444444444444444
0.2903225806451613
0.2647058823529412
0.2564102564102564
0.2727272727272727
0.2978723404255319
0.29411764705882354
0.3076923076923077
0.3064516129032258
0.2878787878787879
0.29411764705882354
0.3026315789473684
0.2948717948717949
0.2926829268292683
0.3176470588235294
0.32222222222222224
0.3191489361702128
0.3431372549019608
0.3490566037735849
0.3482142857142857
0.3391304347826087
0.3305785123966942
1.0
1.0
0.35714285714285715
0.3125
0.29411764705882354
0.3157894736842105
0.2962962962962963
0.3333333333333333
0.34146341463414637
0.30434782608695654
0.2916666666666667
0.29411764705882354
0.3076923076923077
0.3103448275862069
0.3125
0.3188405797101449
0.3194444444444444
0.32
0.3125
0.3132530120481928
0.32558139534883723
0.34831460674157305
0.34408602150537637
0.34375
0.35353535353535354
0.3592233009708738
1.0
0.5
0.5
0.46153846153846156
0.4
0.4
0.3793103448275862
0.41935483870967744
0.37142857142857144
0.36585365853658536
0.35714285714285715
0.3695652173913043
0.3958333333333333
0.4117647058823529
0.40384615384615385
0.40384615384615385
0.4098360655737705
0.42857142857142855
0.4264705882352941
0.40540540540540543
0.4155844155844156
0.4166666666666667
0.4157303370786517
0.40860215053763443
0.3939393939393939
0.37962962962962965
1.0
0.8
0.5
0.35294117647058826
0.3684210526315789
0.4166666666666667
0.3793103448275862
0.36363636363636365
0.3611111111111111
0.35714285714285715
0.35555555555555557
0.3333333333333333
0.36363636363636365
0.3684210526315789
0.3770491803278688
0.3787878787878788
0.37142857142857144
0.3835616438356164
0.3717948717948718
0.3855421686746988
0.375
0.36666666666666664
0.3626373626373626
0.3829787234042553
0.3711340206185567
0.38235294117647056
