1.0
1.0
0.6
0.5
0.375
0.2727272727272727
0.23076923076923078
0.25
0.29411764705882354
0.275
0.2682926829268293
0.25
0.2826086956521739
0.2916666666666667
0.2727272727272727
0.25
0.24615384615384617
0.2857142857142857
0.2777777777777778
0.2692307692307692
0.25882352941176473
0.25842696629213485
0.25274725274725274
0.24742268041237114
0.2621359223300971
0.25663716814159293
1.0
1.0
0.7142857142857143
0.42857142857142855
0.4375
0.5
0.4166666666666667
0.41935483870967744
0.37142857142857144
0.35135135135135137
0.3333333333333333
0.35555555555555557
0.3333333333333333
0.35294117647058826
0.34615384615384615
0.36363636363636365
0.3620689655172414
0.36065573770491804
0.36923076923076925
0.352112676056338
0.3611111111111111
0.38666666666666666
0.3717948717948718
0.38095238095238093
0.37209302325581395
0.37362637362637363
1.0
1.0
0.5714285714285714
0.625
0.5454545454545454
0.5
0.47058823529411764
0.5263157894736842
0.5454545454545454
0.48148148148148145
0.4827586206896552
0.45161290322580644
0.42857142857142855
0.4
0.3902439024390244
0.4222222222222222
0.40425531914893614
0.4117647058823529
0.4230769230769231
0.4107142857142857
0.4262295081967213
0.42424242424242425
0.4057971014492754
0.4057971014492754
0.4383561643835616
0.44871794871794873
1.0
0.75
0.6363636363636364
0.5714285714285714
0.5625
0.47619047619047616
0.4074074074074074
0.3870967741935484
0.4411764705882353
0.4411764705882353
0.4444444444444444
0.45
0.425531914893617
0.38461538461538464
0.3888888888888889
0.375
0.4
0.4
0.37681159420289856
0.37142857142857144
0.3783783783783784
0.3783783783783784
0.37662337662337664
0.379746835443038
0.39080459770114945
0.37777777777777777
1.0
0.75
0.625
0.6363636363636364
0.5
0.4444444444444444
0.38095238095238093
0.4583333333333333
0.42857142857142855
0.4482758620689655
0.3888888888888889
0.3684210526315789
0.4
0.4090909090909091
0.425531914893617
0.44
0.41818181818181815
0.3898305084745763
0.36363636363636365
0.36231884057971014
0.36
0.35
0.35802469135802467
0.3448275862068966
0.32967032967032966
0.34
1.0
1.0
0.75
0.6363636363636364
0.4375
0.35
0.35
0.37037037037037035
0.35294117647058826
0.34210526315789475
0.3181818181818182
0.32608695652173914
0.3333333333333333
0.36
0.36363636363636365
0.3492063492063492
0.3235294117647059
0.323943661971831
0.32
0.32926829268292684
0.3176470588235294
0.32954545454545453
0.3225806451612903
0.31958762886597936
0.3333333333333333
0.3269230769230769
1.0
0.8
0.6666666666666666
0.7
0.5333333333333333
0.42857142857142855
0.38461538461538464
0.375
0.3684210526315789
0.3953488372093023
0.3673469387755102
0.35185185185185186
0.3508771929824561
0.3770491803278688
0.36923076923076925
0.3472222222222222
0.33766233766233766
0.3333333333333333
0.3448275862068966
0.3522727272727273
0.34408602150537637
0.3473684210526316
0.36363636363636365
0.36893203883495146
0.37037037037037035
0.35714285714285715
1.0
0.6
0.5454545454545454
0.42857142857142855
0.5
0.4
0.4166666666666667
0.4482758620689655
0.40625
0.39473684210526316
0.375
0.38636363636363635
0.4
0.42
0.43636363636363634
0.43103448275862066
0.4
0.40298507462686567
0.4142857142857143
0.4246575342465753
0.4358974358974359
0.4166666666666667
0.40229885057471265
0.4044943820224719
0.4111111111111111
0.41935483870967744
1.0
0.6666666666666666
0.7777777777777778
0.6666666666666666
0.47368421052631576
0.4782608695652174
0.36666666666666664
0.3548387096774194
0.34375
0.358974358974359
0.375
0.37777777777777777
0.35185185185185186
0.3392857142857143
0.31666666666666665
0.30158730158730157
0.3181818181818182
0.3142857142857143
0.3150684931506849
0.3246753246753247
0.32098765432098764
0.32142857142857145
0.3258426966292135
0.30526315789473685
0.30927835051546393
0.32673267326732675
1.0
0.8
0.4444444444444444
0.46153846153846156
0.4
0.38095238095238093
0.34782608695652173
0.35714285714285715
0.35294117647058826
0.32432432432432434
0.325
0.3333333333333333
0.3409090909090909
0.3617021276595745
0.3673469387755102
0.38461538461538464
0.3888888888888889
0.36065573770491804
0.36507936507936506
0.359375
0.37681159420289856
0.36486486486486486
0.36363636363636365
0.38271604938271603
0.367816091954023
0.36666666666666664
1.0
0.6666666666666666
0.375
0.3333333333333333
0.2857142857142857
0.3125
0.3333333333333333
0.34615384615384615
0.3103448275862069
0.30303030303030304
0.34210526315789475
0.3333333333333333
0.3409090909090909
0.34782608695652173
0.3333333333333333
0.3448275862068966
0.3387096774193548
0.34375
0.36363636363636365
0.34285714285714286
0.3698630136986301
0.36
0.3670886075949367
0.38095238095238093
0.35555555555555557
0.3404255319148936
1.0
1.0
0.6666666666666666
0.4666666666666667
0.3684210526315789
0.36363636363636365
0.3076923076923077
0.3333333333333333
0.3333333333333333
0.3333333333333333
0.3333333333333333
0.36585365853658536
0.3469387755102041
0.2982456140350877
0.28125
0.29411764705882354
0.2916666666666667
0.3076923076923077
0.30120481927710846
0.29545454545454547
0.29347826086956524
0.30851063829787234
0.3163265306122449
0.31683168316831684
0.3137254901960784
0.32075471698113206
1.0
1.0
0.8
0.5
0.42857142857142855
0.47058823529411764
0.4090909090909091
0.37037037037037035
0.3793103448275862
0.375
0.3939393939393939
0.40540540540540543
0.3953488372093023
0.375
0.38461538461538464
0.3684210526315789
0.3387096774193548
0.34328358208955223
0.323943661971831
0.3333333333333333
0.3253012048192771
0.3181818181818182
0.33695652173913043
0.3333333333333333
0.31958762886597936
0.3163265306122449
1.0
1.0
0.8333333333333334
0.5555555555555556
0.46153846153846156
0.5
0.5238095238095238
0.5
0.46153846153846156
0.43333333333333335
0.45161290322580644
0.4594594594594595
0.47368421052631576
0.4634146341463415
0.4222222222222222
0.42
0.4339622641509434
0.44642857142857145
0.4262295081967213
0.42424242424242425
0.4084507042253521
0.39473684210526316
0.38461538461538464
0.4074074074074074
0.4074074074074074
0.40229885057471265
1.0
0.8333333333333334
0.5454545454545454
0.5384615384615384
0.4
0.42857142857142855
0.44
0.3870967741935484
0.40540540540540543
0.40476190476190477
0.40476190476190477
0.3541666666666667
0.3333333333333333
0.3333333333333333
0.3333333333333333
0.36507936507936506
0.35294117647058826
0.3466666666666667
0.3466666666666667
0.35064935064935066
0.35443037974683544
0.34523809523809523
0.34523809523809523
0.36363636363636365
0.358695652173913
0.36082474226804123
1.0
0.6666666666666666
0.5
0.3125
0.3157894736842105
0.2608695652173913
0.2692307692307692
0.3125
0.35
0.3488372093023256
0.32653061224489793
0.2807017543859649
0.26229508196721313
0.25757575757575757
0.2647058823529412
0.28378378378378377
0.2727272727272727
0.27848101265822783
0.27380952380952384
0.2988505747126437
0.3
0.3157894736842105
0.30392156862745096
0.3018867924528302
0.30973451327433627
0.31896551724137934
1.0
0.6
0.3
0.25
0.3076923076923077
0.3333333333333333
0.3888888888888889
0.42105263157894735
0.4583333333333333
0.41379310344827586
0.37142857142857144
0.375
0.35714285714285715
0.3695652173913043
0.4
0.38181818181818183
0.3684210526315789
0.3387096774193548
0.3230769230769231
0.3380281690140845
0.3380281690140845
0.3424657534246575
0.33783783783783783
0.33766233766233766
0.35802469135802467
0.35365853658536583
1.0
1.0
0.8
0.6666666666666666
0.47058823529411764
0.4090909090909091
0.4230769230769231
0.4
0.4117647058823529
0.3888888888888889
0.39473684210526316
0.375
0.3617021276595745
0.3541666666666667
0.36
0.37254901960784315
0.3684210526315789
0.3548387096774194
0.36923076923076925
0.35714285714285715
0.35526315789473684
0.34177215189873417
0.3411764705882353
0.3595505617977528
0.3626373626373626
0.35106382978723405
1.0
1.0
0.7142857142857143
0.5454545454545454
0.5
0.391304347826087
0.39285714285714285
0.375
0.37142857142857144
0.35135135135135137
0.3902439024390244
0.3953488372093023
0.41304347826086957
0.39215686274509803
0.375
0.36666666666666664
0.36507936507936506
0.3787878787878788
0.39436619718309857
0.39473684210526316
0.375
0.3614457831325301
0.375
0.358695652173913
0.35353535353535354
0.35294117647058826
1.0
0.75
0.625
0.6666666666666666
0.5384615384615384
0.5294117647058824
0.4166666666666667
0.43333333333333335
0.3783783783783784
0.375
0.3409090909090909
0.3404255319148936
0.3673469387755102
0.37254901960784315
0.38181818181818183
0.38596491228070173
0.38333333333333336
0.38095238095238093
0.3880597014925373
0.39705882352941174
0.3835616438356164
0.37662337662337664
0.3780487804878049
0.3953488372093023
0.4
0.40860215053763443
