1.0
0.75
0.5
0.4375
0.3684210526315789
0.391304347826087
0.3793103448275862
0.3939393939393939
0.4
0.42105263157894735
0.425
0.4146341463414634
0.391304347826087
0.4117647058823529
0.42592592592592593
0.42105263157894735
0.4098360655737705
0.4117647058823529
0.4
0.3918918918918919
0.4
0.3950617283950617
0.3855421686746988
0.3804347826086957
0.37755102040816324
0.37
1.0
0.5
0.5
0.5
0.4166666666666667
0.4375
0.4
0.4166666666666667
0.3448275862068966
0.3548387096774194
0.3157894736842105
0.3488372093023256
0.32608695652173914
0.35294117647058826
0.35185185185185186
0.3684210526315789
0.36666666666666664
0.3582089552238806
0.3472222222222222
0.3424657534246575
0.35443037974683544
0.3493975903614458
0.3522727272727273
0.34444444444444444
0.34375
0.35714285714285715
1.0
1.0
0.8333333333333334
0.5
0.42857142857142855
0.4117647058823529
0.375
0.3103448275862069
0.3333333333333333
0.3333333333333333
0.32432432432432434
0.3404255319148936
0.3269230769230769
0.32075471698113206
0.3090909090909091
0.3275862068965517
0.3548387096774194
0.359375
0.35294117647058826
0.3333333333333333
0.31645569620253167
0.3125
0.3253012048192771
0.3448275862068966
0.3404255319148936
0.3473684210526316
1.0
1.0
0.6
0.4166666666666667
0.3333333333333333
0.34782608695652173
0.2962962962962963
0.34375
0.35294117647058826
0.35135135135135137
0.32558139534883723
0.3111111111111111
0.2916666666666667
0.30612244897959184
0.34615384615384615
0.37037037037037035
0.3898305084745763
0.38333333333333336
0.3484848484848485
0.35714285714285715
0.375
0.37333333333333335
0.3875
0.39759036144578314
0.38372093023255816
0.3804347826086957
1.0
1.0
0.5714285714285714
0.45454545454545453
0.3333333333333333
0.3157894736842105
0.25925925925925924
0.28125
0.3235294117647059
0.2972972972972973
0.3333333333333333
0.3125
0.3333333333333333
0.3333333333333333
0.3230769230769231
0.32857142857142857
0.323943661971831
0.3157894736842105
0.31645569620253167
0.3048780487804878
0.3132530120481928
0.32954545454545453
0.32222222222222224
0.3333333333333333
0.32978723404255317
0.3333333333333333
1.0
1.0
0.5555555555555556
0.4666666666666667
0.4666666666666667
0.47368421052631576
0.43478260869565216
0.46153846153846156
0.3939393939393939
0.3783783783783784
0.3684210526315789
0.37209302325581395
0.36363636363636365
0.37777777777777777
0.3877551020408163
0.4
0.38596491228070173
0.4
0.38461538461538464
0.36619718309859156
0.3835616438356164
0.37333333333333335
0.37662337662337664
0.3780487804878049
0.39080459770114945
0.391304347826087
1.0
1.0
0.25
0.4666666666666667
0.42105263157894735
0.4090909090909091
0.3333333333333333
0.3333333333333333
0.34285714285714286
0.325
0.2978723404255319
0.3137254901960784
0.3090909090909091
0.30357142857142855
0.3275862068965517
0.3230769230769231
0.3188405797101449
0.30985915492957744
0.3013698630136986
0.32051282051282054
0.3125
0.3058823529411765
0.2988505747126437
0.3111111111111111
0.30851063829787234
0.30303030303030304
1.0
1.0
0.8
0.6666666666666666
0.6428571428571429
0.5
0.43478260869565216
0.4583333333333333
0.45161290322580644
0.4117647058823529
0.40540540540540543
0.38461538461538464
0.37209302325581395
0.42857142857142855
0.3793103448275862
0.3787878787878788
0.37142857142857144
0.3611111111111111
0.358974358974359
0.358974358974359
0.36470588235294116
0.37209302325581395
0.375
0.3626373626373626
0.3829787234042553
0.3854166666666667
1.0
0.625
0.6
0.4
0.3684210526315789
0.30434782608695654
0.32142857142857145
0.3448275862068966
0.3333333333333333
0.3076923076923077
0.3488372093023256
0.3125
0.2962962962962963
0.29310344827586204
0.29508196721311475
0.296875
0.29850746268656714
0.30434782608695654
0.30985915492957744
0.32432432432432434
0.3116883116883117
0.3170731707317073
0.3333333333333333
0.3333333333333333
0.34782608695652173
0.34782608695652173
1.0
1.0
0.5
0.5555555555555556
0.5
0.5384615384615384
0.5882352941176471
0.5789473684210527
0.52
0.5
0.5161290322580645
0.4358974358974359
0.425
0.45652173913043476
0.39622641509433965
0.38596491228070173
0.38333333333333336
0.391304347826087
0.37333333333333335
0.35443037974683544
0.35294117647058826
0.3522727272727273
0.3626373626373626
0.35789473684210527
0.35714285714285715
0.34951456310679613
1.0
0.5
0.5
0.46153846153846156
0.4
0.36
0.35714285714285715
0.3125
0.3333333333333333
0.3076923076923077
0.3111111111111111
0.29411764705882354
0.2909090909090909
0.3114754098360656
0.296875
0.29850746268656714
0.2777777777777778
0.2702702702702703
0.2631578947368421
0.2875
0.27058823529411763
0.2808988764044944
0.28421052631578947
0.2755102040816326
0.27450980392156865
0.2857142857142857
1.0
0.6
0.5454545454545454
0.5
0.45454545454545453
0.38461538461538464
0.3225806451612903
0.38235294117647056
0.4166666666666667
0.4186046511627907
0.425531914893617
0.42857142857142855
0.39622641509433965
0.4
0.3898305084745763
0.36923076923076925
0.3787878787878788
0.38235294117647056
0.3815789473684211
0.36585365853658536
0.36904761904761907
0.34831460674157305
0.34444444444444444
0.3617021276595745
0.3645833333333333
0.35353535353535354
1.0
0.6666666666666666
0.8
0.8333333333333334
0.45454545454545453
0.4117647058823529
0.4
0.34782608695652173
0.3793103448275862
0.375
0.35135135135135137
0.358974358974359
0.37777777777777777
0.3469387755102041
0.35294117647058826
0.35185185185185186
0.35
0.36507936507936506
0.3484848484848485
0.35714285714285715
0.35135135135135137
0.358974358974359
0.375
0.37209302325581395
0.38636363636363635
0.38461538461538464
1.0
1.0
0.8333333333333334
0.75
0.6428571428571429
0.5625
0.47619047619047616
0.5416666666666666
0.52
0.5185185185185185
0.5161290322580645
0.5142857142857142
0.5
0.5135135135135135
0.47619047619047616
0.47619047619047616
0.5
0.5
0.5
0.48214285714285715
0.4666666666666667
0.4393939393939394
0.44285714285714284
0.44594594594594594
0.44871794871794873
0.43373493975903615
1.0
1.0
1.0
0.45454545454545453
0.4666666666666667
0.47058823529411764
0.45454545454545453
0.44
0.41379310344827586
0.42857142857142855
0.4146341463414634
0.42857142857142855
0.4418604651162791
0.4489795918367347
0.4716981132075472
0.43103448275862066
0.4406779661016949
0.43548387096774194
0.4393939393939394
0.42857142857142855
0.4246575342465753
0.4177215189873418
0.425
0.42168674698795183
0.4222222222222222
0.41935483870967744
1.0
1.0
1.0
0.6666666666666666
0.5714285714285714
0.5238095238095238
0.5
0.40625
0.42424242424242425
0.42857142857142855
0.425
0.3829787234042553
0.38461538461538464
0.3684210526315789
0.3728813559322034
0.39344262295081966
0.3787878787878788
0.35135135135135137
0.34177215189873417
0.3493975903614458
0.36363636363636365
0.35789473684210527
0.3465346534653465
0.33980582524271846
0.34579439252336447
0.3486238532110092
1.0
0.75
0.5555555555555556
0.46153846153846156
0.4444444444444444
0.2903225806451613
0.2647058823529412
0.2564102564102564
0.2727272727272727
0.2978723404255319
0.27450980392156865
0.2692307692307692
0.27419354838709675
0.25757575757575757
0.2647058823529412
0.2631578947368421
0.2564102564102564
0.25609756097560976
0.2823529411764706
0.28888888888888886
0.2765957446808511
0.29411764705882354
0.29245283018867924
0.29464285714285715
0.28695652173913044
0.2727272727272727
1.0
1.0
0.35714285714285715
0.3125
0.29411764705882354
0.3157894736842105
0.25925925925925924
0.30303030303030304
0.3170731707317073
0.2826086956521739
0.2708333333333333
0.27450980392156865
0.28846153846153844
0.29310344827586204
0.28125
0.2753623188405797
0.2777777777777778
0.26666666666666666
0.2625
0.26506024096385544
0.27906976744186046
0.30337078651685395
0.3010752688172043
0.2916666666666667
0.30303030303030304
0.30097087378640774
1.0
0.5
0.5
0.38461538461538464
0.35
0.32
0.3103448275862069
0.3548387096774194
0.3142857142857143
0.2682926829268293
0.2619047619047619
0.2826086956521739
0.2916666666666667
0.3137254901960784
0.3076923076923077
0.3076923076923077
0.29508196721311475
0.30158730158730157
0.3088235294117647
0.2972972972972973
0.3116883116883117
0.32142857142857145
0.3258426966292135
0.3225806451612903
0.31313131313131315
0.3055555555555556
1.0
0.8
0.5
0.35294117647058826
0.3684210526315789
0.375
0.3448275862068966
0.3333333333333333
0.3333333333333333
0.3333333333333333
0.3111111111111111
0.2916666666666667
0.32727272727272727
0.3333333333333333
0.3442622950819672
0.3333333333333333
0.32857142857142857
0.3424657534246575
0.32051282051282054
0.3253012048192771
0.3181818181818182
0.3111111111111111
0.3076923076923077
0.32978723404255317
0.31958762886597936
0.3235294117647059
