0
784
1146
1146
986
1010
1356
1161
1195
1185
889
1165
1107
756
159
646
609
858
1117
1295
1435
1145
836
738
981
778
0
832
832
832
1169
1403
1328
1014
1175
1006
918
846
1161
632
667
986
1459
1178
1248
1339
1068
1021
1090
906
1200
1074
0
604
696
842
842
1195
1588
1030
1490
967
725
575
728
844
1028
853
468
795
678
850
1260
1400
1367
1214
713
1105
0
861
805
758
886
950
1019
1019
594
984
996
1068
883
910
1182
1236
738
1392
1197
1100
1508
1508
1114
1077
1313
820
0
1475
1441
1162
834
738
868
1290
1077
1382
832
862
455
747
806
1426
1569
1261
1574
1231
1231
444
862
1002
1100
861
0
762
1404
1437
982
1156
1122
728
941
1166
1093
1037
1274
1107
897
1171
1076
1134
696
878
1246
1201
1546
1257
1348
1280
0
534
765
902
936
984
857
1442
1442
911
994
832
596
817
1120
802
1445
1147
1552
1340
855
914
1120
1398
1377
603
0
991
991
814
684
1092
1490
1456
1511
714
931
963
797
1176
1330
1207
1341
891
1216
1585
1494
658
1147
1446
1146
692
0
877
1149
1048
1288
1524
1076
967
1561
1151
1093
1023
1261
1407
981
1132
1364
950
720
1280
781
1028
849
1276
899
705
0
651
651
681
949
668
480
667
906
747
1121
814
1140
994
1219
714
404
840
1048
1170
1275
1600
1425
1425
822
1278
0
750
649
1055
1213
1299
1227
1255
1663
1332
1044
1405
1703
1517
731
990
1441
1317
1026
1060
965
479
1197
1433
1436
1167
0
535
706
1053
1259
814
428
808
1101
1545
1312
1413
1287
1135
478
998
998
684
885
1313
1374
1182
441
756
702
450
0
539
875
820
795
947
732
623
754
737
799
1073
870
1440
1462
1733
1738
1614
983
861
940
1212
1212
803
458
555
0
296
1228
1228
1228
1055
760
818
728
1278
857
1277
1297
1269
1136
1251
885
641
1112
754
1162
905
788
788
1285
1426
0
791
1009
1416
1383
1356
1760
1368
971
745
573
627
1355
1375
1640
1640
1422
888
747
747
1270
1063
1247
825
395
1029
0
271
874
865
1060
1292
1353
938
202
1032
1005
1068
949
763
737
1098
920
1252
1239
1296
941
1063
854
956
780
999
0
978
1049
852
1330
1303
1473
1428
1360
1298
1017
566
1002
975
975
1068
1007
1345
1212
809
1155
1155
446
839
697
956
0
546
1102
1091
1280
1268
974
1088
1380
1006
879
1020
973
1145
1338
839
488
630
1114
891
1172
684
821
919
861
1138
0
969
1408
1169
901
581
1028
748
1340
1172
921
979
1049
1326
929
991
808
858
1001
1066
1000
1265
1614
1034
1159
917
0
771
1009
1173
1581
1348
956
1072
1179
1600
1401
1366
1413
1574
1297
1197
623
961
1395
1395
1404
1041
572
997
1045
1045
