0
6179
10494
11116
11116
5107
6087
9176
3416
4657
5965
5965
3244
8738
7442
11019
12153
11516
11516
7017
5029
10559
8342
13845
15586
12963
0
6602
5469
6059
6059
3648
1576
5646
4645
9437
11637
12226
6641
12593
8976
12527
12811
7107
9062
4459
6849
8141
10235
8617
7172
9412
0
2834
6191
6935
5055
5307
9331
6434
10510
7153
1000
7319
6299
5299
1052
5148
12352
8288
10280
9849
8857
6865
1869
6359
5537
8900
0
3150
4100
9895
10872
12142
9646
10917
6542
7151
9614
5835
4601
5544
6611
8388
6447
6447
3413
6460
4493
5706
9444
9265
7893
11003
0
2866
7488
10300
7488
7888
7536
5147
6349
6349
8824
9152
4414
9886
9804
11085
8957
7392
5925
5925
9816
8275
8275
4387
3247
6474
0
7122
9638
11793
4372
8650
7752
10853
12868
10779
7289
7231
6025
956
6888
7636
6433
8442
10388
6814
10468
10468
11013
5956
9276
10546
0
5278
5278
13880
12513
13000
9690
8674
11252
6487
11557
11864
6491
5406
5438
10571
11396
7031
1540
5872
5872
5405
3055
8278
9708
5949
0
10233
9141
3657
10982
11461
8145
4570
12171
12171
6515
6515
8668
5757
8430
8820
9186
7880
5342
5103
8772
10902
14670
11932
9142
7899
0
12086
12656
12656
13710
6567
7525
7484
9414
7770
13974
13974
15737
9920
3446
4453
5145
3284
5947
4480
4480
7646
11372
12296
6410
6410
0
6335
10270
8509
9167
6712
7453
11089
9068
9234
7216
8651
8651
10988
7496
7539
9870
13086
8274
7911
3223
3898
11472
11145
12007
6614
0
2748
4620
7661
11484
8331
8934
4626
8454
4737
6410
8427
9093
12229
9094
12719
9633
9633
3625
9530
5905
11823
14595
7924
8043
8255
0
7267
9886
6454
12209
12209
8840
6804
6619
11458
14280
16841
12513
8639
9394
7883
3178
3689
5316
6083
6976
5257
4714
6233
6438
4405
0
1559
7632
10799
10192
12323
13180
5765
9569
9239
6965
9095
6859
6151
9448
8647
9615
11937
7087
10162
11055
5765
7060
3589
4154
4556
0
10881
7803
8694
7796
7796
3484
5650
5650
5619
6026
6672
2293
2615
3938
1043
4116
7594
6482
7418
7241
4497
3281
7198
9282
9777
0
2608
8829
11189
8853
5300
7128
7828
4979
8007
9074
7848
2201
6409
7614
7614
7976
8468
12934
12115
11387
7771
8457
8674
9388
8121
0
3894
7818
8322
6510
11922
13188
12399
15590
8303
7535
5523
5716
6226
5205
11996
13651
14220
13814
10131
12094
7317
7010
4124
8152
7801
0
3920
7470
7916
11517
12711
10822
5905
7585
11675
9371
8567
13984
7218
3608
6352
6352
3397
7250
9378
7139
10624
7467
14984
14984
14576
0
10872
11466
11466
7184
10350
11673
8470
12079
12079
8319
4865
5860
6679
3912
5722
9331
8975
7685
9123
11354
11596
7593
4929
8666
9077
0
6574
10889
5913
5698
4933
5192
8039
8039
6803
6803
12169
9684
10351
8357
8357
7043
3296
4971
5099
5326
7670
7780
7584
5686
8852
0
7404
11229
7720
7099
6881
8695
4619
2087
6401
6401
2940
7671
8693
11119
9236
3296
6761
5669
6039
6116
6116
938
4208
4208
6373
