0
55
63
72
72
76
74
71
66
58
48
50
62
49
71
79
72
83
77
72
38
54
57
68
61
71
0
39
43
47
50
74
71
54
76
67
65
75
75
61
59
55
60
67
60
44
63
64
73
64
63
51
0
65
69
62
64
76
78
72
68
54
69
55
32
22
55
57
61
55
72
74
44
57
64
52
70
51
0
49
48
63
76
82
76
64
72
74
66
59
65
69
68
77
49
66
71
71
70
56
51
65
67
43
0
54
66
73
60
43
39
46
55
64
55
50
85
65
67
77
59
72
66
69
63
57
62
51
64
64
0
22
44
66
79
81
76
45
50
72
83
74
85
67
73
73
71
71
74
47
57
69
65
69
67
68
0
44
27
63
78
83
60
64
56
57
51
34
63
69
74
39
54
67
74
66
44
54
52
69
66
66
0
48
35
64
76
79
79
76
65
59
57
78
79
79
74
70
38
47
59
60
68
56
56
50
63
61
0
71
80
71
73
60
66
66
65
55
58
44
62
54
59
65
81
70
34
52
65
65
65
68
77
77
0
37
53
58
57
64
81
80
75
80
74
67
73
73
47
68
59
84
88
89
63
66
54
59
71
59
0
39
55
66
60
74
71
74
72
43
65
72
61
63
69
77
66
63
63
75
58
56
58
62
71
74
0
81
80
83
81
88
79
66
88
73
70
64
72
60
63
36
56
63
64
62
45
57
51
53
60
67
0
48
63
63
64
50
71
64
69
74
68
82
68
62
31
66
70
79
89
80
63
78
77
58
68
76
0
73
73
69
78
81
69
63
56
57
62
80
80
69
89
83
49
47
64
59
55
67
88
72
72
53
0
49
72
72
62
70
73
57
73
64
69
60
38
60
70
66
60
68
55
71
67
59
62
63
60
70
0
65
66
73
73
69
51
63
59
71
77
62
63
60
64
64
61
59
60
77
44
76
76
63
48
58
0
47
20
49
69
59
47
50
63
65
66
65
60
66
59
49
43
57
64
70
66
80
69
53
53
71
0
38
68
54
61
56
69
84
84
83
76
68
72
71
64
64
67
78
77
56
63
36
73
59
72
72
0
82
86
88
83
84
71
69
66
59
73
66
77
72
72
67
67
69
70
66
66
44
56
75
69
55
0
41
82
75
43
64
64
64
50
56
46
39
48
55
55
60
58
50
64
74
61
73
67
75
74
46
