0
437
799
989
552
1280
1125
992
900
1150
1116
1082
1352
1050
542
689
1062
1062
960
456
598
1093
1279
869
916
1118
0
711
711
1155
987
112
1099
977
1491
1482
1244
938
550
629
220
360
856
917
1264
1264
1080
830
1151
1353
1438
1458
0
702
1064
892
596
406
722
1152
1290
981
1058
821
607
1146
1580
1324
1436
1086
1168
876
1547
1809
1461
1229
627
905
0
576
1174
1174
1599
999
643
428
1542
1542
1226
1279
1326
1302
1510
1169
954
724
1083
714
935
851
1528
1528
1036
904
0
350
458
740
1162
1142
996
921
863
869
1251
1403
1227
1205
1181
817
1250
837
1079
781
781
1042
1020
624
682
555
0
755
635
769
1205
1227
728
1096
1566
1382
1570
878
774
586
1131
1073
1079
851
1068
1068
636
868
1094
1222
950
798
0
300
987
987
658
850
726
726
1002
1199
1057
1355
1364
1094
940
720
575
1259
1274
1322
1076
1208
973
735
465
691
0
497
842
608
1299
1067
1075
1075
1269
1037
1021
1141
1393
917
978
1340
1694
1218
956
956
446
949
1137
893
989
1027
0
433
1247
1247
1239
966
1036
752
562
951
913
695
778
1003
805
1009
1275
1347
820
914
1007
1450
1354
904
1231
1079
0
372
495
895
1109
1415
1773
1490
1120
985
634
820
1142
1294
610
422
870
976
1214
512
1541
1423
660
786
972
504
0
1149
1323
1149
1149
834
1290
1268
1176
950
1366
784
908
702
792
1563
1439
1439
723
1052
950
1189
1167
1148
823
1263
0
1152
1152
334
651
621
775
775
533
1001
818
710
1128
1098
1294
1030
1030
778
1122
926
926
1020
850
1272
1364
1170
0
433
811
781
841
1133
871
977
1065
982
922
1247
902
1150
1198
1230
1554
1554
812
876
797
961
770
1033
1288
1316
0
624
942
942
687
1204
1048
697
756
1082
916
518
872
872
822
1011
973
969
1375
1231
1449
911
1565
927
1235
1192
0
656
916
1419
1087
1527
1307
1195
692
1259
584
584
604
852
504
996
820
720
462
720
942
748
608
700
930
930
0
586
940
1270
1084
868
862
1130
644
756
238
522
1142
1142
952
646
1130
1308
1545
1038
1148
794
900
592
915
1147
0
356
716
258
380
975
1157
1157
1085
943
952
781
952
494
878
878
787
1186
1068
1332
1040
1251
1267
889
736
1018
0
475
851
971
695
854
879
1139
1167
1467
1214
608
1157
1051
1301
703
1530
1738
1738
1258
1112
982
1044
1356
1067
1546
0
721
1030
1342
1786
1508
1170
634
1176
1278
1060
1228
634
1155
1151
1000
1000
462
1452
1472
1312
869
869
1095
1288
1256
0
822
608
864
971
1452
1280
1073
965
1512
1129
753
1036
1378
1479
1236
1272
1364
1260
817
1111
830
806
806
1243
1061
