0
50
67
67
59
60
77
73
74
72
63
70
69
51
9
45
42
55
67
75
84
68
55
52
66
49
0
57
57
57
69
78
73
63
67
63
60
52
66
49
43
63
80
74
71
70
60
59
64
57
76
66
0
45
53
56
56
69
84
69
82
62
49
41
48
53
63
55
32
44
45
52
67
72
70
68
47
64
0
56
53
49
57
61
63
63
40
63
64
68
62
60
67
75
52
80
72
66
84
84
71
69
76
60
0
83
83
70
57
51
58
73
69
78
55
53
34
53
53
80
85
71
77
66
66
29
57
62
67
59
0
48
77
76
58
66
66
46
59
68
67
65
72
68
55
65
61
66
45
57
67
70
83
72
76
73
0
39
50
59
61
65
60
81
81
59
59
52
42
56
71
57
84
72
84
77
57
65
72
77
75
42
0
61
61
51
46
62
79
84
82
45
59
60
52
73
74
72
73
52
72
83
83
47
71
79
73
45
0
60
73
68
70
79
65
57
78
63
66
63
74
79
63
71
77
58
52
77
52
58
51
69
57
48
0
50
50
48
56
41
35
45
56
49
69
54
71
62
68
49
33
52
64
67
70
81
82
82
55
75
0
57
50
68
73
76
73
71
83
73
64
76
85
78
48
62
79
77
67
66
63
35
70
76
77
69
0
38
49
62
69
54
32
53
63
81
70
76
69
66
35
57
57
43
55
70
70
64
30
54
50
34
0
36
55
55
55
60
49
42
53
50
53
69
60
80
78
86
88
86
64
52
59
71
71
55
37
45
0
22
70
70
70
64
54
53
50
73
53
74
74
72
66
71
56
41
62
45
59
61
49
49
69
74
0
47
60
77
75
74
82
75
57
51
42
43
72
75
83
83
79
62
49
49
72
66
72
53
33
64
0
23
61
59
72
80
80
65
18
61
62
61
56
48
49
69
60
73
72
76
62
62
51
57
54
64
0
58
61
52
71
72
76
79
75
69
62
40
65
56
56
60
58
73
69
57
72
72
30
57
51
63
0
38
60
59
71
74
63
67
80
67
60
70
68
69
84
68
40
49
68
54
70
52
59
60
58
66
0
65
81
70
61
40
65
50
70
63
52
57
61
76
60
60
52
51
59
66
61
77
82
63
68
59
0
51
65
73
83
78
62
64
72
83
75
75
74
83
79
77
44
58
76
76
74
63
41
62
67
67
