0
651
1207
1367
1367
761
804
1188
516
690
800
800
501
1190
975
1261
1181
1139
1139
733
636
1097
789
1459
1632
1318
0
603
555
713
713
623
476
900
606
969
1225
1220
680
1375
925
1208
1309
921
1203
761
1055
1249
1301
1113
979
1325
0
409
1031
1155
812
924
1242
776
1112
788
206
1039
991
785
287
708
1375
951
1163
1084
1020
808
378
924
922
1114
0
482
680
1195
1373
1484
1218
1505
950
1090
1332
868
602
752
886
1116
914
914
607
867
617
799
1040
1074
882
1272
0
441
1019
1301
1019
1133
1137
788
955
955
1224
1248
786
1460
1278
1482
1152
903
596
596
938
1012
1012
758
526
892
0
800
952
1130
396
880
918
1254
1502
1222
944
989
799
243
905
1167
991
1170
1386
978
1292
1292
1168
696
1048
1340
0
589
589
1433
1330
1253
959
961
1401
728
1036
1116
767
593
561
1049
1181
826
274
879
879
874
420
1023
1247
824
0
1123
919
548
1349
1446
1094
636
1345
1345
908
908
1004
1120
1410
1509
1579
1179
938
804
1014
1182
1368
1112
880
806
0
1375
1581
1581
1591
776
956
991
1089
895
1407
1407
1458
1032
454
650
772
552
835
664
664
1045
1469
1312
864
864
0
719
1006
845
1017
622
900
1298
1054
1002
882
932
932
1250
974
816
884
1410
1193
1079
719
659
1255
1171
1335
986
0
386
703
1122
1452
959
931
404
869
565
870
1071
934
1421
1091
1409
986
986
318
1116
798
1174
1568
746
816
1026
0
711
1180
1092
1710
1710
1210
956
680
1183
1589
1649
1315
1079
1093
932
482
574
918
1098
1118
800
646
876
845
577
0
292
749
1057
907
1192
1090
526
950
896
856
1102
948
828
1018
1016
1086
1374
862
1100
1251
897
1173
837
960
1059
0
1166
672
852
1046
1046
687
1033
1033
1017
963
1118
484
622
840
290
690
1025
833
1003
957
726
667
1104
1343
1434
0
278
981
1237
932
608
976
1134
732
1159
1289
800
394
891
1165
1165
1244
1251
1750
1516
1237
880
1054
1186
1521
1193
0
527
1040
1161
947
1486
1538
1348
1391
786
739
719
825
826
768
1105
1246
1422
1396
1215
1420
1115
1060
761
1036
992
0
588
1078
1008
1432
1636
1408
904
1054
1550
1070
858
1611
984
583
971
971
565
1019
1265
897
1328
898
1530
1530
1434
0
1040
1182
1182
852
1036
1146
863
1372
1372
1046
755
725
833
528
762
1090
1024
982
970
1094
1348
1020
600
836
912
0
733
1258
756
848
830
806
912
912
710
710
1185
929
1119
871
871
940
508
889
877
788
1050
1140
1064
754
1221
0
906
1467
1029
973
993
1063
676
486
854
854
294
1126
1188
1412
1190
590
896
783
817
811
811
154
596
596
948
