0
917
1075
1399
1344
1407
1291
1196
1186
884
693
715
971
672
1264
1503
1155
1577
1362
1249
560
846
983
1183
984
1169
0
599
691
853
731
1277
1190
844
1450
1219
993
1380
1528
982
974
785
893
1082
1013
605
1036
980
1220
888
936
685
0
1069
1212
1037
943
1350
1402
1214
1085
845
1095
827
451
312
816
874
867
780
1204
1218
560
802
939
631
1038
655
0
704
682
930
1300
1566
1379
1052
1230
1340
1217
995
1046
1257
1169
1539
752
1074
1288
1262
1121
876
754
1058
1049
544
0
806
1043
1210
795
576
613
737
983
1195
876
736
1510
1144
1124
1351
923
1134
1062
1183
1009
856
993
849
1044
1044
0
224
606
1258
1351
1553
1303
644
707
1072
1421
1154
1566
1014
1365
1289
1220
1220
1249
637
879
1171
1027
1163
1149
1120
0
578
316
1035
1354
1587
984
1073
870
843
741
442
1071
1243
1349
559
800
1038
1154
1044
620
816
811
1136
1126
1126
0
644
407
1095
1401
1474
1474
1404
1100
955
925
1554
1523
1523
1340
1258
555
739
877
877
1138
869
869
797
1077
976
0
1086
1428
1184
1314
1076
1141
1076
1105
935
992
651
854
734
863
1052
1394
1157
525
907
1055
1055
1038
1166
1437
1308
0
442
742
845
843
923
1440
1447
1324
1591
1318
1119
1166
1166
729
1022
869
1476
1743
1826
1022
1113
744
858
1161
819
0
662
822
1075
910
1170
1289
1124
1148
617
1154
1409
1086
1078
1226
1387
1121
998
998
1313
874
869
838
959
1302
1232
0
1368
1602
1597
1476
1633
1360
1014
1605
1268
1122
1143
1287
876
958
412
779
1006
1011
916
619
862
713
821
1039
1183
0
696
1024
1003
1074
737
1056
987
1154
1375
1146
1571
1195
1005
402
1032
1268
1471
1799
1442
901
1398
1281
863
1135
1373
0
1368
1334
1195
1326
1395
1147
1034
913
904
1023
1679
1679
1207
1887
1447
742
607
994
914
856
1028
1853
1083
1004
818
0
702
1223
1223
943
1160
1212
807
1244
1046
1147
945
557
1058
1238
1124
1067
1155
781
1289
1166
988
1073
1059
959
1139
0
1071
1100
1461
1461
1319
901
1144
905
1201
1334
1020
1038
1016
1039
960
976
847
712
1179
517
1185
1185
877
704
903
0
813
242
726
1199
876
726
785
994
1048
1039
1147
966
1038
899
756
672
852
998
1187
1038
1452
1095
801
707
1032
0
534
1109
850
1092
1051
1341
1627
1518
1580
1312
1046
1163
1215
1148
1148
1179
1457
1293
746
962
431
1288
892
1057
1176
0
1481
1542
1675
1515
1728
1321
1230
1112
947
1320
1069
1353
1336
1278
1029
1029
986
1212
1108
1103
703
995
1265
1184
942
0
508
1308
1106
549
1013
1084
1084
740
786
580
542
701
905
840
1085
1040
783
1046
1313
901
1169
1118
1336
1211
708
