0
917
1402
1402
818
937
1115
1099
593
1247
1326
1274
1519
1020
935
607
853
1228
1421
1421
1730
1602
1383
381
722
676
0
484
1192
1210
1107
1140
614
1152
954
878
421
1179
895
1281
1317
1266
1070
660
955
1131
740
921
942
946
731
819
0
0
0
778
1316
1453
1096
694
1069
777
1004
1344
974
832
733
811
1343
1152
975
1074
1090
1205
912
1125
1263
1242
0
497
560
934
1035
1343
564
1081
957
1184
1184
1129
808
726
536
1018
1329
1490
818
1149
316
629
629
1110
1076
1091
0
1058
1197
879
934
803
1150
1065
1156
903
142
728
888
888
1127
960
592
1331
1391
1217
1280
896
926
706
1115
897
0
646
1101
1535
1583
1588
1461
797
893
1056
920
977
1273
1234
1348
1068
629
487
801
1105
1240
1240
1006
583
857
628
0
202
840
914
921
1201
1446
1339
1149
1204
1403
1227
1077
537
734
776
1045
851
1393
1091
1387
1229
1028
1079
726
1129
0
780
882
1043
558
1137
1026
910
1032
1365
1424
1129
918
1394
1417
1327
1474
1028
1163
1382
1111
1245
988
923
820
487
0
1102
1261
1407
1394
991
849
1020
1074
975
723
542
1072
757
1009
1133
1011
748
821
1360
1121
976
1309
1303
933
933
0
1219
1120
659
659
488
857
1022
1030
835
1320
1086
775
924
995
917
961
1433
1247
959
893
1280
1182
1470
1156
533
0
887
1190
1357
1462
1083
758
908
908
941
1147
870
1411
1417
1027
1487
915
1247
918
928
530
795
1089
903
1107
1336
0
674
761
1343
1143
864
596
776
1002
911
1441
1353
542
322
414
732
1339
1130
1390
1241
1001
591
747
1312
1171
1248
0
1027
1027
315
528
1105
668
909
1026
1125
914
1386
1386
1050
1476
915
784
1120
1094
1324
1028
1123
1089
622
1338
1179
0
1097
1298
1023
1023
969
1012
1239
1054
856
856
1139
840
1065
1138
1053
1021
806
920
1105
1240
683
1020
974
1228
1131
0
946
946
1135
1135
1061
424
586
754
745
938
1185
1399
1385
1178
887
620
648
986
823
1423
991
702
906
645
867
0
1077
1024
1222
1407
1338
1510
1034
1445
784
853
945
692
1022
1524
1299
1164
975
769
770
618
420
920
1069
1266
1540
0
774
950
887
979
730
1250
1151
1104
641
920
1050
723
1216
1216
1031
935
900
793
1125
1178
1511
1602
1109
750
781
0
699
914
1305
945
1058
736
1551
1239
1011
787
886
732
969
1027
1279
752
929
567
789
970
1238
1105
1301
1400
1115
0
843
726
1086
1452
754
754
426
761
796
1381
1156
920
765
1053
748
748
955
832
1238
1034
1304
1209
1363
1079
709
0
508
874
1150
1310
1468
1363
644
728
1203
1210
756
1067
1255
1342
1487
1041
925
1276
1176
1449
1449
1281
1222
1217
1355
