0
808
1122
959
850
896
1166
634
874
874
874
648
782
1528
1302
1142
1142
1270
1094
1147
699
875
813
1254
972
779
0
1090
618
898
1232
789
657
945
937
1407
1157
1122
961
1282
1244
1168
1158
1072
1094
1380
961
423
832
669
925
747
0
822
1072
942
942
731
708
1044
1044
1193
1400
1180
1157
1582
1055
981
1344
1092
1108
1171
1234
1052
928
1174
898
1213
0
797
313
948
948
1128
1128
749
643
929
929
1125
1449
1200
1298
1103
817
1040
1194
1227
680
1155
626
0
463
984
0
716
892
1053
697
909
1265
1465
1169
837
1139
1109
952
952
1027
1027
750
448
426
922
1148
1214
1190
1226
1327
1327
0
791
689
1035
1415
1182
1228
1106
1101
1680
1473
1533
1165
1143
1143
1312
1021
1021
632
1181
986
1303
1297
1277
1257
1413
0
400
550
1052
1062
1390
1390
1240
1314
780
837
1005
1139
956
720
560
560
952
906
959
1016
857
943
915
831
626
0
562
549
827
1028
1326
1516
1048
926
864
868
1364
574
284
0
876
828
828
1104
1104
1325
1179
590
882
956
1410
0
666
1006
1006
900
1029
1233
1307
811
1306
1179
885
1016
868
1020
1051
1003
716
510
1581
1581
1259
1427
1740
1498
926
0
977
1379
1201
1021
844
452
828
847
1334
1334
915
728
542
1330
1330
914
804
858
1126
1426
1156
1364
597
798
1125
0
711
887
1169
1169
674
950
950
754
823
732
994
1084
1214
1337
879
1153
1095
1270
1270
1472
1348
1025
842
704
974
0
901
1169
1431
1431
642
416
572
688
926
1088
1182
934
1170
1030
556
922
904
1108
1108
1221
863
996
1122
1070
1072
0
994
1501
1313
1393
1438
844
475
676
880
992
1009
1394
1122
1042
763
1105
1105
1233
1175
850
932
1110
1110
832
859
0
564
887
1156
1020
455
455
884
719
831
929
1091
1015
1209
895
992
712
714
632
628
738
936
846
916
718
718
0
645
1373
1310
718
1299
1299
1220
1026
692
779
1022
1225
1262
738
901
821
743
1275
1509
1400
1013
611
1033
1138
995
0
689
1011
850
1104
1171
1171
617
627
750
767
1259
1126
1130
927
734
923
1013
1013
993
1036
1121
921
798
1030
1218
0
614
1398
1692
1512
1300
1106
878
881
878
772
906
1200
1064
1157
996
706
791
791
547
223
979
1383
1144
1498
1498
0
227
651
1213
809
921
1077
680
697
775
1090
1522
981
1144
1298
1054
1072
1562
1532
1292
956
680
812
870
880
824
0
0
675
993
1057
703
515
785
815
815
922
1262
1106
1469
1211
893
1201
759
505
607
1063
595
1139
1610
1696
970
0
942
962
1468
1468
1414
904
790
624
882
1138
972
1124
1060
1617
1733
1471
691
770
1030
610
771
1203
728
714
1036
