0
6866
9478
9478
8493
7936
11197
9455
11210
11239
8298
11772
11400
5392
225
4397
2918
5689
8111
10586
12126
9067
7816
5877
7072
6416
0
8543
8543
8543
11516
12921
10947
8996
8961
9276
8916
7359
11098
5475
4701
7672
13323
10048
9566
9970
7926
7987
8207
6711
9409
7665
0
5635
6532
9297
9297
11587
17240
10496
13120
8045
4603
2974
4328
5622
7607
6475
2980
6442
5857
9948
12637
13543
12383
11345
5414
8497
0
8954
8285
6870
7377
8131
8059
8059
4321
8132
6989
8030
6610
7595
8994
10333
6504
11840
10965
11133
15922
15922
12088
11201
12768
6204
0
14240
14153
11282
7266
8070
9243
13818
10541
13016
7564
7514
3458
4624
4708
11422
12721
9429
13512
11427
11427
2594
6623
8130
9299
7509
0
5515
11801
12147
6863
8391
7372
4725
6962
7467
6528
6120
8482
7601
6266
10414
9099
10378
5710
7267
9679
9510
14017
11336
11760
12636
0
4970
6558
7148
7918
8817
8260
12851
12851
5931
8136
7177
4373
6091
8920
7095
16053
12084
16599
13798
8042
10234
10561
12498
13335
4945
0
8531
8531
6645
5398
8954
14962
14704
15252
5869
8491
7930
6779
10661
10652
9990
10142
6145
9858
13308
12584
5046
11662
14073
11699
4990
0
9353
11424
10834
10743
13256
7589
5402
10380
7459
8345
8363
12092
13686
10834
13353
14886
8756
6288
12845
8049
10764
9246
13181
9718
6561
0
7574
7574
5288
6632
3043
2093
2641
5958
3877
7691
6018
9104
7652
10560
6236
2048
7435
10132
10423
11113
14582
11141
11141
4455
10433
0
7098
5807
9785
10662
11084
11303
10959
16045
12648
9877
13952
16049
13420
3370
7544
13872
11119
9688
11593
9531
4851
9726
13105
13338
9919
0
4438
5177
7856
9885
5690
2818
5963
5782
9511
7930
10574
9429
9166
4329
7905
7905
4661
6471
10501
12737
11743
3176
7020
6005
3079
0
3786
8476
7146
6323
7624
6401
4310
5400
5192
5968
8252
7662
14793
15016
16706
17469
15629
9322
6270
6472
8402
8402
5209
3657
3169
0
3055
10901
10901
10901
10050
5986
7034
7038
11717
7567
11219
9296
9696
9046
9676
6056
4110
6511
4908
6939
6125
5577
5577
11700
11918
0
5464
8460
11566
12709
13214
17081
11255
7183
5127
3539
4260
9517
11564
16564
16564
14565
11252
6338
6338
10628
8435
8434
5749
2489
8820
0
2650
10102
9475
12328
15192
16215
12298
1877
9004
8313
8275
6444
4560
4310
6668
5836
8756
8459
10667
7977
10441
7898
8268
7890
9742
0
8411
8785
7023
11992
11413
13317
13107
12775
10710
8095
2870
9167
8919
8919
9612
7119
10441
10444
6196
10781
10781
1859
5165
4624
7379
0
2648
7431
8604
9289
10622
8584
11842
16046
10562
8245
9969
9114
10021
11426
7226
4260
6061
8202
5510
7381
4306
7294
7595
7212
8412
0
9700
13788
10983
7919
3848
7554
4762
8368
6868
4984
6814
9398
13042
8003
8644
6117
5008
7530
7918
7891
9716
13243
6823
9828
6458
0
7546
9766
10854
14542
10982
7601
7643
10074
12224
10082
9905
12007
14815
11553
10450
4257
8518
13628
13628
14476
10830
4800
10175
11455
11455
