0
7262
10378
9720
8165
6067
9652
5591
8038
8038
8038
5268
5795
13788
11103
10231
10231
11644
10468
9974
5000
7766
7341
12394
8100
6090
0
9292
5665
8208
11082
7299
5159
8134
8433
13763
12065
12024
9240
8662
8577
7546
7923
7890
10282
13340
9577
4318
9120
6861
10092
7958
0
4363
5890
5416
5416
5483
4304
8506
8506
11416
13906
11884
11374
12862
7165
6969
7943
7351
6205
8048
9070
8326
8379
10733
8371
11393
0
6910
2988
9659
9659
11219
11219
7881
5697
7294
7294
9393
14098
11429
11194
8361
5794
7879
7156
6436
4290
9909
6434
0
3497
7144
0
6802
8381
10891
6335
8476
10944
14475
9956
6219
11802
11602
9416
9416
8042
8042
4076
2280
2532
5239
6102
7068
6627
8652
12966
12966
0
8396
6230
8796
11301
9232
8674
9800
9135
14631
13213
15194
11808
7701
7701
8845
6610
6610
4142
8829
7703
10064
9694
10508
11689
12603
0
4410
5337
11291
8500
12860
12860
11933
13719
5663
7333
8008
8943
6195
4424
2540
2540
7103
7244
8693
8407
7601
7745
7792
7080
4495
0
6980
6438
8335
8886
11214
12909
9317
6422
6217
7522
13178
5891
2580
0
5753
5722
5722
8402
8402
11800
10860
5182
7174
8460
12098
0
6440
10185
10185
8312
9154
10356
11349
6658
13085
8316
6263
8999
8316
6873
7069
7222
3867
4247
12628
12628
10509
12499
15097
13110
6919
0
8498
11110
10123
9102
7620
3824
6487
5937
11844
11844
9386
4576
2530
9031
9031
4648
5833
6808
8537
12135
9622
10971
5489
7410
8251
0
6180
7275
10724
10724
5358
8436
8436
7427
7185
4100
8034
8119
8437
11163
7357
9338
10051
10687
10687
11898
11179
5358
4550
4213
6707
0
8030
10452
12076
12076
4471
3162
4502
5458
7619
8485
8563
6421
9075
8131
4765
6642
5441
5459
5459
5750
4301
5182
6260
6001
6578
0
9451
12193
11096
11816
13159
6408
3688
5031
5361
6351
7407
10814
10006
9015
7164
8351
8351
10472
9492
6361
6936
9892
9892
7060
7008
0
3044
5189
8115
7940
2681
2681
5980
4957
6947
6996
8317
7917
9332
5800
6535
5399
4891
4681
4347
5347
6535
5878
5423
4235
4235
0
4456
10890
8711
3586
8461
8461
10175
8674
3185
3517
6705
11200
12169
7783
4005
3889
4260
10057
12147
12279
8102
4493
6617
8496
8552
0
5532
6922
3975
5388
5714
5714
2177
3416
6384
6638
12662
9740
9707
5250
3622
4563
5791
5791
5560
8131
10313
9161
7423
6219
7870
0
4639
13236
16811
15804
14135
12642
7795
5486
7436
4389
3852
5878
5441
7476
5364
3454
5676
5676
4689
2146
7751
8633
7917
10503
10503
0
1020
3368
9215
5511
5780
7589
6879
8255
7574
10092
13340
6894
8581
10371
8167
10324
15374
14377
13672
7764
6334
6533
7129
6847
4964
0
0
4685
6593
7656
5112
4073
6511
7318
7318
5927
8883
7748
12768
10447
9096
13401
8762
5270
5590
7997
3310
7415
10397
11244
5812
0
10032
9483
13230
13230
12123
5813
4939
3599
4390
8482
7913
11301
10561
16494
17482
15203
6635
6349
8264
4414
4620
7133
4107
7884
9184
