0
687
991
1115
1139
1181
1407
1472
1381
1025
783
975
820
1087
1545
1221
868
1008
1041
741
1526
1262
1446
1360
923
676
0
582
982
1068
968
720
1108
1116
1343
1009
1317
1149
921
1167
1252
960
1212
1141
822
391
759
896
1273
950
1362
1485
0
941
1129
1129
1191
1051
1401
1229
1222
1222
991
1122
886
943
811
1377
1073
1106
1397
1114
1266
805
1128
978
921
991
0
796
1234
981
1245
770
1416
1256
1324
1498
1313
1173
954
954
1035
1049
797
801
683
1104
1058
713
1185
1328
1152
896
0
871
576
768
1071
1044
699
900
1057
1002
403
675
885
885
1100
714
945
1003
910
490
630
1111
1508
1204
1108
1108
0
912
912
1051
1231
941
1051
874
1053
1269
1099
780
989
1283
1079
976
957
928
1271
1119
999
1030
757
909
686
706
0
361
1199
720
835
782
1137
859
626
871
592
592
839
1189
873
449
651
1059
1125
954
954
724
926
1152
885
1418
0
467
844
951
1230
1074
1225
1024
763
1394
1196
1045
950
829
1023
1097
1621
1237
767
1297
1230
1242
1491
1258
1186
1041
0
856
957
1249
1390
776
1316
1157
1008
1065
914
1041
1039
1135
1204
1289
852
783
1068
1533
1533
1083
933
881
482
1001
0
785
430
1517
1377
1132
1109
1114
1380
1209
751
941
1483
804
1195
1164
957
993
530
529
682
1022
1132
1012
861
1202
0
1186
804
981
861
1083
1198
1116
1116
1141
1141
890
948
1073
1165
935
821
780
732
824
824
963
939
806
632
699
0
405
703
703
1414
1556
1734
1208
947
994
712
1141
856
1005
1079
1137
615
332
585
1171
1027
1027
1040
1023
1087
1219
0
1137
922
1116
1346
1346
935
789
888
1234
1387
1074
606
486
903
1324
871
1279
1217
912
325
813
621
863
972
1428
0
498
896
1178
800
1017
1015
693
504
720
1204
768
942
1299
1758
1330
1543
1507
1286
1524
929
953
481
338
875
1184
0
853
1023
1168
697
1148
1104
970
1328
1115
395
732
934
885
838
996
740
1306
1451
1019
1248
1382
1268
379
1178
1054
0
765
765
1099
971
712
596
1128
1143
1008
669
812
875
583
789
1225
1303
974
523
558
1145
1485
1159
1079
461
840
0
665
1064
1064
1111
876
978
903
953
942
996
728
852
817
1075
1164
1164
1488
938
520
916
1122
734
909
1092
1064
0
422
985
1431
1574
1385
1074
1257
449
787
607
719
899
1298
1088
822
1012
1012
1188
640
549
1013
1281
1092
1092
854
0
276
615
946
1269
1038
1038
633
373
1077
1382
1156
830
830
847
445
879
879
684
948
1101
1129
1291
1550
1460
1057
0
824
1092
1315
999
939
858
1274
1431
1118
764
1216
1416
1121
1243
1478
1328
1047
1286
797
636
638
785
945
826
966
