0
3430
4811
6198
2768
8731
7697
7365
6270
8695
8414
8454
11880
8494
3723
2583
6563
6563
6108
2148
4097
8111
9049
6213
9515
10779
0
7152
7152
10341
7722
624
10189
9833
14996
13312
11671
7573
3930
4757
1457
2133
6990
8381
11310
11310
9168
5390
8423
9729
11664
11867
0
4542
6720
6005
3923
2460
8054
10720
10603
6055
6469
5523
4025
7790
10947
9728
10443
9333
9706
7416
11428
14390
11465
9683
4285
5499
0
4794
9848
9848
11473
6108
4506
2493
14316
14316
8991
8952
7943
7897
11682
8977
7373
6644
10602
5841
9555
6316
12100
12100
6786
6577
0
2169
2888
5683
8810
7067
7213
5389
5443
6178
9555
12031
9699
9359
11173
7476
8706
5186
5419
3963
3963
8673
8110
4780
6386
5194
0
6015
3828
4664
8554
9109
5939
9080
16177
14026
15573
7997
5142
3355
10326
10216
10892
9247
10885
10885
5921
7428
8673
9084
5353
4959
0
1902
7621
7621
4308
5424
3361
3361
5154
8929
8011
12010
12372
8671
7712
5626
4011
9999
10269
10533
8151
9158
7096
5731
3826
6087
0
2707
4120
3682
11432
10195
10264
10264
11859
9269
8838
11157
12294
9617
8927
14227
14702
10930
9385
9385
3852
7693
9005
6946
8581
8043
0
3396
8983
8983
10054
7529
8205
7212
5001
5566
6010
3149
3708
5880
5250
6350
8972
9488
4485
6286
7722
11730
12101
7835
9466
7769
0
1203
3233
8164
10704
13013
15649
13290
9127
7310
4136
5562
6968
8820
4295
3400
5355
6156
7732
3541
13438
12579
7115
7391
9187
3803
0
9675
10632
9675
9675
5245
9694
7656
6607
4993
7265
3459
6418
5907
7348
15466
12847
12847
7612
7519
5547
8963
8556
7798
4928
9171
0
10601
10601
3548
6129
6578
8297
8297
6719
11833
6005
5263
7428
7383
8229
6367
6367
7138
10533
9687
9687
8859
6118
10987
11429
10055
0
5235
6601
4929
5694
6665
5034
7529
7192
7573
7592
9537
7523
9240
9544
10385
12247
12247
5274
5368
5345
6458
4559
5571
9520
11781
0
5175
9543
9543
6520
8479
7556
3882
5619
8097
7307
3710
6844
6844
4827
7763
6574
6539
8406
8693
10986
6115
12250
7658
11445
12539
0
4557
7588
11161
8449
12433
10389
10874
7301
9662
4272
4272
5623
7405
3816
7057
5790
4672
2172
7223
9571
5555
3808
5098
6389
6389
0
5710
7799
10995
9288
8326
7858
10265
6016
6333
2547
4504
8804
8804
6369
3773
9992
10454
11670
7889
10230
6014
6985
3502
6002
8154
0
2091
4482
1350
3468
9481
10644
10644
9698
8468
7501
5991
7179
2433
6622
6622
6475
10489
9757
12575
9395
10622
9848
5778
4868
6001
0
5192
7321
7906
6343
7231
8995
10619
10369
15429
12425
6135
11077
10825
12482
4775
12041
13645
13645
8044
7287
7327
8948
10719
7035
12859
0
5315
10838
12936
16881
13667
10438
5313
9542
12116
9615
10167
5673
7377
7576
7312
7312
3946
9519
9186
9582
7195
7195
10496
11005
10871
0
6510
5232
6135
7351
11492
10283
9485
7638
12368
8793
5203
8411
11270
14918
12780
11784
13306
9386
5789
9884
8457
7683
7683
12072
10800
