0
36
41
73
73
73
65
60
68
65
61
61
81
67
64
64
49
77
77
78
81
84
70
58
71
68
0
55
64
54
51
55
55
71
71
60
63
49
49
65
61
56
47
56
73
68
62
70
62
70
62
80
0
37
61
66
71
54
42
47
61
53
59
59
53
47
39
67
56
44
43
55
81
81
60
9
54
74
0
50
71
60
71
61
59
58
66
57
48
61
61
55
70
70
60
78
78
58
77
49
34
29
65
65
0
36
60
76
76
82
74
66
50
65
72
70
64
74
70
61
65
60
67
71
58
64
66
72
58
72
0
45
71
73
73
68
46
60
65
61
50
50
45
69
75
59
59
58
66
67
59
56
64
49
25
23
0
49
49
64
74
51
60
50
60
79
65
69
61
70
76
71
72
54
75
54
53
42
69
77
67
61
0
52
50
50
70
53
39
65
65
66
50
66
29
41
62
59
38
31
40
38
62
67
57
45
51
64
0
61
67
64
48
57
57
52
27
53
56
63
73
73
63
35
38
27
43
59
61
43
55
55
59
67
0
67
67
73
70
80
80
72
73
41
50
49
49
38
55
54
66
73
66
51
64
39
36
69
72
54
0
44
62
68
68
61
49
69
49
42
71
53
53
64
56
76
71
72
78
57
77
68
64
89
83
83
0
48
48
49
49
65
45
55
58
45
44
71
85
81
58
48
53
62
65
62
45
67
73
66
66
72
0
12
51
57
49
60
69
40
50
54
32
50
59
61
62
68
68
67
41
67
66
66
77
66
40
40
0
39
68
68
59
43
52
49
49
47
44
69
58
71
58
44
36
64
73
77
66
75
58
78
51
61
0
64
60
67
57
60
53
62
63
74
71
71
33
43
50
66
69
76
57
48
56
66
43
59
59
71
0
47
80
80
73
73
71
58
72
76
80
80
35
39
33
67
64
63
48
72
65
70
65
53
66
68
0
49
49
49
48
45
57
62
56
49
67
66
51
59
79
85
77
77
77
42
42
45
45
52
76
65
0
10
50
74
64
60
54
69
66
63
65
54
67
43
51
42
67
61
67
53
50
34
65
68
76
50
0
34
62
62
71
66
74
62
72
53
76
56
69
61
64
52
55
48
74
72
72
54
60
48
68
47
0
48
68
74
71
79
32
59
64
60
50
56
62
46
57
54
61
52
46
54
61
61
47
56
65
59
