0
6002
10433
10433
6083
6723
9133
8730
3453
11334
11694
11683
12941
7672
7274
3180
3898
8007
13229
13229
16809
16332
13151
3487
6945
6259
0
4304
10721
8883
8613
8480
4787
10165
9301
9074
2730
9886
7594
12122
12884
13713
10540
5773
8929
9697
5715
6717
7197
6114
4455
6724
0
0
0
5389
11363
12328
8755
4907
8719
5906
7496
11038
8482
6512
4448
7959
11493
7958
4952
6520
7923
9071
5689
6554
8853
8615
0
5656
4649
6175
7416
9157
2191
7757
9345
11472
11472
11204
7142
5942
3425
9856
12758
13944
7506
11221
3528
4644
4644
10108
9664
9484
0
8780
9734
7429
7053
6619
7533
6972
7512
6156
198
4900
6549
6549
8136
5545
3393
8279
9762
8897
9043
7402
6892
5027
8995
6604
0
5467
9939
13634
13695
13488
12963
7517
7845
9258
8292
9706
10850
10347
10842
9736
3127
2737
6881
10234
10997
10997
9411
5201
7167
5450
0
1329
5461
7322
7385
12231
15280
14428
11534
9712
11849
10106
8756
4218
7072
6061
9359
7995
11977
9003
11305
9541
6463
6514
4500
10934
0
8799
9119
10842
3290
6339
6162
5818
6274
9713
11638
11397
8916
13964
14161
13255
15277
8878
10439
9512
8269
9549
7356
7508
7078
4059
0
12442
13227
13743
12374
9171
6741
9328
8448
8482
5977
5107
10194
5884
7370
9794
7793
4551
5185
9754
8356
8868
12639
12131
9049
9049
0
12237
11878
5156
5156
2155
6933
8584
6667
5920
11230
9309
6310
8131
8818
7154
6603
11893
11583
9028
8726
15487
13742
17589
12657
5830
0
8443
10792
12521
13536
9276
5745
5835
8009
7088
9102
6881
11998
12141
8016
12355
8509
11271
7514
7099
3457
5945
7408
6029
8407
10543
0
4613
5711
9391
8391
6767
5802
6991
8064
6312
11932
11243
3010
1464
2261
6204
12262
9752
11412
9995
9273
5476
5008
11481
9843
9115
0
9875
9875
1843
4171
8799
5254
7697
10733
10560
6886
10686
10686
6998
12971
8421
9030
11242
8491
10060
7435
7823
9115
4917
13581
11584
0
8303
9622
6946
6946
7021
8284
11288
9032
7689
7689
10838
8988
10526
11250
8748
7907
6559
7221
9204
11655
4500
6417
6550
10693
10229
0
6966
6966
8479
8479
7903
2850
3649
5594
5488
6801
8485
10718
10936
9754
8041
3784
4945
9382
7970
15838
8564
6986
8202
4690
7967
0
8835
7968
8080
10097
11943
12763
7870
11026
7467
9445
9766
6914
8692
14759
12375
9190
8605
6331
6741
5596
3171
6395
7947
8657
11789
0
8460
8871
5303
6965
6245
11384
10410
9544
3424
8065
8922
3698
9192
9192
7088
7102
7022
6163
9033
11762
13333
14026
9028
4326
5750
0
5392
8266
10799
7033
9701
6606
14202
11925
9882
4589
5748
5289
5911
6023
8419
5560
5995
2320
5678
7296
10141
6120
8144
8891
6831
0
6075
7358
10582
14333
7131
7131
3700
6407
6141
11130
8989
7744
5385
8692
6082
6082
8319
6616
10751
9068
10581
10161
11227
8222
5328
0
5643
8905
10379
11471
12580
11989
5485
7391
13083
12806
8127
11331
11374
12126
12686
8932
7472
8821
8655
12900
12900
9777
7641
9945
12259
