0
47
60
64
70
70
72
75
73
57
50
56
51
64
79
71
55
63
70
60
88
77
84
78
66
47
0
44
65
67
63
49
63
66
79
68
76
71
61
75
69
64
76
73
58
31
47
57
72
66
84
81
0
57
62
62
66
64
75
67
75
75
62
66
60
62
53
80
68
66
73
66
69
56
73
69
57
61
0
56
74
63
75
55
79
74
78
81
77
74
63
63
63
63
58
55
52
67
68
52
68
71
65
58
0
59
42
56
67
66
53
56
65
66
30
52
57
57
66
46
57
62
56
34
42
70
82
73
64
64
0
61
61
67
74
60
61
54
61
67
61
58
63
72
66
62
65
68
78
71
65
68
56
59
49
49
0
27
71
53
58
54
68
59
43
55
42
42
54
68
54
36
44
62
66
61
61
52
60
68
53
71
0
30
56
64
78
78
75
71
54
79
73
67
55
49
54
58
81
71
62
70
73
74
77
70
69
62
0
57
57
72
74
50
72
66
61
65
61
67
61
65
77
80
57
51
64
79
79
62
58
54
34
66
0
54
31
78
75
68
69
69
80
72
51
56
75
47
70
65
60
63
42
39
46
64
64
59
54
71
0
69
54
63
58
63
69
67
67
69
69
58
58
64
67
57
51
50
48
52
52
60
58
54
48
53
0
33
50
50
85
90
92
75
59
62
44
62
47
61
62
64
42
26
45
75
68
68
66
61
67
74
0
65
56
63
75
75
63
57
61
71
77
68
51
37
62
79
62
73
71
57
30
55
41
53
61
74
0
39
61
70
58
64
62
50
41
51
69
58
62
72
87
76
80
82
76
84
62
62
36
27
53
66
0
54
61
66
48
69
63
58
72
62
31
45
53
57
55
62
51
74
78
66
75
80
80
31
70
66
0
50
50
63
58
51
40
65
65
61
49
55
63
41
57
73
75
62
36
43
69
79
69
71
38
54
0
46
59
59
70
54
56
54
56
58
64
48
55
55
66
72
72
86
63
39
59
70
54
59
67
67
0
32
62
74
79
73
64
71
33
59
47
47
57
72
66
52
59
59
66
45
44
58
68
64
64
58
0
22
42
59
73
63
63
49
30
63
72
65
52
52
53
36
58
58
50
60
63
68
74
85
83
69
0
52
65
71
63
58
55
74
79
70
50
66
74
65
70
77
72
64
71
51
46
46
47
54
49
57
