0
491
596
1444
1444
1444
1094
1044
1166
1278
990
990
1613
1217
1094
1094
823
1356
1356
1464
1578
1766
1212
926
1308
1184
0
769
1056
923
711
898
898
1294
1294
1078
1058
684
684
1094
884
986
664
814
1098
1090
926
1209
939
1269
986
1390
0
584
1008
1113
1325
876
594
748
1111
867
1007
1007
896
622
498
1175
941
690
642
877
1532
1372
842
92
735
1307
0
738
1225
947
1213
922
928
828
1033
753
666
922
1089
905
1261
1261
1108
1527
1527
953
1496
827
490
432
1171
1171
0
608
978
1531
1531
1755
1361
1040
787
1067
1271
1167
939
1302
1104
1043
1155
1057
1256
1331
1008
1080
1222
1437
1054
1411
0
535
1155
1329
1329
1209
674
862
1016
1008
809
771
617
1003
1237
994
994
998
1304
1287
958
885
1066
607
402
307
0
715
715
1191
1424
799
987
810
983
1639
1039
1170
989
1280
1452
1282
1302
808
1350
932
950
697
1247
1373
1289
1038
0
740
802
802
1173
868
518
1131
1131
1223
827
1277
382
596
983
1028
513
375
577
620
1041
1219
907
645
706
1006
0
1012
1319
1199
698
992
992
816
392
783
813
1069
1381
1381
1045
406
520
352
668
967
957
585
869
869
941
1283
0
1199
1199
1436
1279
1529
1529
1135
1090
582
760
842
896
477
799
798
1101
1363
1058
736
1031
510
500
1189
1317
758
0
520
828
1034
1034
1003
774
1254
776
613
1156
751
791
1071
821
1268
1156
1077
1403
863
1408
1220
997
1789
1532
1532
0
742
742
784
784
1104
696
890
1010
690
606
1260
1778
1446
1004
740
826
1009
1144
1082
679
1048
1332
1076
1076
1280
0
168
786
864
664
1044
1284
566
748
818
552
787
1037
1033
1079
1216
1216
1246
550
1252
1214
1086
1306
1040
514
514
0
550
1144
1144
799
625
826
864
864
680
694
1208
960
1314
942
634
482
932
1267
1389
1203
1459
973
1734
914
1029
0
1000
936
1152
855
963
884
1066
991
1417
1307
1307
496
536
654
1098
1173
1403
777
737
943
1186
524
1043
1093
1375
0
655
1502
1502
1410
1410
1194
975
1349
1543
1661
1661
552
720
448
1115
1040
1050
674
1327
1075
1305
1167
731
1015
996
0
729
729
729
689
785
842
870
898
780
1070
1178
662
821
1494
1788
1320
1320
1320
574
574
618
618
759
1445
1043
0
132
876
1378
1060
986
946
1300
1390
1250
1184
732
1066
580
686
536
1060
964
1187
879
756
427
1156
1103
1354
797
0
480
1106
1048
1346
1147
1411
1008
1187
757
1500
882
1126
1019
1200
929
774
610
1380
1256
1256
906
1164
814
1220
645
0
733
1104
1346
1180
1422
398
1068
1254
1052
810
970
1094
600
997
926
1021
753
675
843
1027
1084
745
939
1207
953
