0
56
77
77
57
60
68
68
39
70
70
73
78
61
58
37
52
71
76
76
85
82
77
28
49
43
0
36
69
67
63
65
42
73
64
59
37
69
56
73
76
70
61
51
61
67
47
57
60
58
51
53
0
0
0
51
77
80
70
49
68
51
61
77
64
54
49
53
75
66
57
64
60
68
58
67
71
70
0
37
39
57
63
76
39
66
65
70
70
67
55
46
39
65
76
81
57
69
25
43
43
66
67
68
0
60
66
55
52
48
64
58
62
55
10
46
57
57
67
64
48
72
71
66
68
52
54
47
60
55
0
45
67
81
82
84
79
52
62
70
66
66
74
72
77
63
40
33
52
63
69
69
68
47
54
46
0
17
58
61
61
76
82
78
68
67
74
70
64
36
50
50
59
53
77
65
77
68
57
60
46
66
0
58
61
69
39
64
57
51
59
71
77
68
59
77
75
73
82
72
74
79
66
73
63
58
55
33
0
71
75
79
75
63
55
63
68
66
51
43
64
54
64
69
65
50
59
77
70
67
75
69
55
55
0
70
72
45
45
33
55
60
54
52
77
69
53
58
64
63
63
79
77
61
57
72
67
79
70
39
0
59
73
77
76
63
53
57
52
55
67
57
79
81
62
72
56
70
56
56
41
53
62
56
63
71
0
45
52
77
71
57
49
54
66
61
80
78
40
25
32
52
76
72
78
76
66
42
46
71
66
73
0
63
63
24
36
68
46
58
66
69
59
73
73
59
80
65
59
70
65
74
62
67
64
47
76
71
0
65
73
61
61
64
62
75
61
56
56
65
54
65
68
64
63
54
58
69
75
48
63
60
71
66
0
56
56
66
66
62
30
40
49
49
62
70
80
78
68
55
41
45
69
62
80
67
52
60
45
58
0
67
65
69
79
76
81
66
80
52
55
63
47
63
79
71
76
67
51
58
49
31
49
57
66
78
0
51
57
53
58
52
71
68
69
50
56
61
50
74
74
69
66
60
53
68
71
80
81
64
47
52
0
48
61
75
58
62
52
81
75
70
50
56
49
59
59
72
54
53
36
55
62
68
65
70
74
66
0
54
54
68
78
54
54
34
49
52
75
69
60
55
63
50
50
60
60
70
60
70
65
74
65
50
0
41
62
76
80
83
77
45
45
67
70
52
65
77
80
83
67
62
74
63
72
72
68
71
71
75
