0
47
68
74
74
50
49
66
38
50
55
55
36
66
64
70
70
78
78
55
50
76
59
78
83
65
0
42
42
47
47
42
37
58
45
59
68
74
51
78
56
71
76
54
64
49
63
73
69
65
59
71
0
32
56
60
50
56
67
49
65
52
14
59
56
45
21
51
78
63
71
68
61
52
29
58
57
62
0
32
42
62
69
74
66
77
58
65
74
59
46
53
63
69
57
57
43
51
42
50
63
65
61
72
0
29
54
65
54
62
59
49
59
59
73
74
48
71
67
77
69
61
41
41
57
58
58
51
34
52
0
50
62
69
35
60
58
68
78
71
62
59
49
18
56
66
56
65
71
53
64
64
67
47
66
72
0
38
38
81
81
78
65
61
73
50
65
66
53
46
42
63
65
49
20
51
51
52
29
53
63
53
0
69
61
42
75
78
65
39
72
72
56
56
63
63
74
77
84
72
59
53
68
71
74
68
63
57
0
71
75
75
80
52
59
58
64
57
75
75
74
60
34
44
53
40
49
43
43
59
74
73
57
57
0
49
66
57
65
48
58
70
60
64
56
62
62
71
66
60
58
75
63
59
42
43
68
71
74
63
0
26
47
64
75
63
65
32
56
44
58
59
59
74
61
75
60
60
26
62
48
68
80
54
55
61
0
46
65
70
88
88
71
53
49
76
84
84
69
65
64
55
32
41
53
59
61
48
41
54
55
42
0
20
58
73
70
78
73
40
62
61
55
63
59
52
62
60
66
76
56
65
69
56
65
49
54
61
0
66
47
55
61
61
45
61
61
59
58
66
36
44
52
21
45
58
51
57
54
48
51
65
74
76
0
22
60
65
60
42
60
66
49
66
74
54
30
60
71
71
71
70
85
81
75
55
60
65
78
69
0
40
62
69
59
75
78
76
77
55
47
47
53
56
55
66
74
76
74
69
82
71
70
54
65
57
0
40
64
63
73
73
71
54
56
72
62
54
82
59
40
63
63
45
64
73
63
76
59
80
80
78
0
58
64
64
53
65
68
58
69
69
64
50
51
55
40
51
64
61
58
55
63
71
59
42
50
54
0
51
64
48
56
54
55
56
56
45
45
63
55
62
55
55
59
38
52
51
47
63
70
66
59
72
0
58
75
61
58
53
58
45
33
53
53
22
66
69
80
72
42
54
48
55
52
52
14
42
42
56
