0
4660
5830
11752
11752
11752
8283
9141
10235
11538
9602
9602
16925
13705
12154
12154
8439
12077
12077
14339
14862
15628
10739
8172
13459
11137
0
6236
8744
8043
6020
7409
7409
9749
9749
8690
8746
5764
5764
10973
7578
7421
5488
7401
10626
9650
7926
8873
6394
8101
6885
10096
0
4464
8494
9006
10157
6223
6137
6019
9723
7456
8596
8596
7988
5432
4949
10923
9244
3250
2460
6121
13376
12944
9013
368
5199
7983
0
6453
9563
6062
8930
8194
8791
7311
8654
6845
7511
9158
7453
6267
9894
9894
7886
13891
13891
8511
13390
6613
3360
2375
7001
7001
0
2934
5395
9738
9738
12471
10232
8241
5036
9295
10726
10360
8146
9758
9047
7893
8430
7958
9991
10390
7223
7422
9684
11048
8318
12443
0
5913
9104
9867
9867
9295
4138
8351
9330
9296
4953
4229
3846
11285
12675
6341
6341
8403
11978
12444
8913
6631
8093
5846
2513
1689
0
5982
5982
9769
13531
7042
7727
3994
5497
9986
7340
9569
9381
10497
11745
10481
10072
5509
10330
6752
6495
4144
8713
9482
10348
8601
0
6088
6292
6292
9346
6826
4138
9738
9738
10174
7459
11025
3819
3620
9123
10385
4682
3104
4080
3188
7637
8497
6789
5285
6604
9094
0
10339
11216
9760
4771
6379
6379
5755
2016
6251
7561
12241
15086
15086
12209
4613
5324
3427
7851
9481
9271
3974
5697
5697
5805
10108
0
11152
11152
13641
12587
16480
16480
11270
9089
3065
3737
4316
4001
2504
5742
7131
10424
12336
9395
6157
7912
2555
2327
10307
11702
5876
0
6344
10097
11122
11122
8744
4394
9080
6735
6045
10577
5977
6174
8104
4778
9515
8835
9237
10600
6472
11499
10304
9509
15056
12597
12597
0
5497
5497
5886
5886
9208
5506
8742
11149
7827
5041
12747
17202
13458
8176
4985
6406
8782
9185
7726
4978
9968
11804
8696
8696
9485
0
885
5855
6952
5940
9558
11704
4088
5107
5973
2794
4169
6085
6198
6842
9611
9611
9364
3791
12163
11855
10675
10447
9265
3910
3910
0
4338
10564
10564
6599
5970
6405
6813
6813
5921
6355
10944
7381
11309
7243
5365
2998
8963
12849
11829
10465
12004
7987
17908
8802
9873
0
8507
6830
8011
6723
8386
6813
7286
7357
11849
11423
11423
2994
5644
6112
9801
10373
12150
6103
6119
7627
11382
5835
8821
9818
12343
0
8093
15468
15468
15063
15063
13927
8502
10259
11270
11761
11761
2560
3591
3399
8565
8091
7999
5182
10615
8735
10431
7788
6313
10473
9214
0
5752
5752
5752
4701
6750
6816
8112
5744
5620
9237
9509
6256
9611
16092
19011
14324
14324
14324
5054
5054
5666
5666
8705
13740
10396
0
263
9029
12368
8958
9272
6527
10175
10062
9187
8535
5739
9486
5177
6075
4122
7680
5611
7879
7493
6732
3575
11427
9609
11823
6018
0
4948
8599
9589
13198
11299
15047
8692
10393
6736
13628
6404
9984
7733
9920
5812
6926
6058
12463
10582
10582
6664
8612
5380
10424
6162
0
6917
11839
13826
12567
13897
2213
6122
7471
8323
6993
8198
8518
3439
7474
6831
7086
3918
4190
6779
7576
10710
7982
7755
9464
6401
