0
52
65
58
51
53
70
48
54
54
54
45
52
76
70
65
65
73
64
69
47
59
56
75
64
56
0
69
46
56
69
49
45
58
61
78
70
73
66
68
69
70
66
65
65
73
59
35
59
46
62
54
0
54
67
63
63
55
42
68
68
79
80
75
80
88
69
65
78
68
65
65
66
61
57
70
58
73
0
51
23
53
53
60
60
52
47
52
52
72
80
66
67
64
51
61
62
61
47
63
41
0
42
67
0
48
61
64
50
62
77
81
67
53
66
70
63
63
60
60
45
32
34
59
66
66
67
73
74
74
0
53
48
62
73
71
73
64
65
85
81
83
68
71
71
75
63
63
43
70
62
75
75
72
74
77
0
31
39
63
61
72
72
66
71
55
54
59
67
58
49
37
37
55
59
61
62
58
59
57
52
41
0
43
41
54
59
71
75
64
54
55
61
72
43
25
0
55
57
57
65
65
75
75
46
51
60
72
0
47
55
55
54
59
75
73
54
76
64
50
60
56
65
65
65
50
39
82
82
67
72
80
76
55
0
63
73
67
60
54
30
52
53
73
73
59
49
37
71
71
55
52
55
65
74
67
74
42
53
70
0
41
50
61
61
48
61
61
55
55
48
60
68
71
72
52
66
58
72
72
80
74
62
47
43
66
0
58
70
77
77
47
35
40
47
59
65
71
60
74
66
37
53
54
66
66
69
54
60
65
60
64
0
59
79
75
76
79
56
39
47
55
62
67
80
72
67
52
64
64
69
67
56
60
67
67
55
52
0
39
54
66
63
34
34
54
54
60
60
62
60
68
59
60
52
46
44
43
46
53
54
55
47
47
0
41
70
66
44
69
69
73
61
43
52
63
70
70
50
52
49
49
72
77
75
64
45
59
65
57
0
50
60
53
63
65
65
43
48
51
53
71
67
68
55
44
56
59
59
57
58
64
55
55
62
71
0
41
77
87
81
76
70
52
55
47
43
51
67
63
65
55
40
51
51
45
19
56
68
62
79
79
0
18
43
66
48
57
63
47
51
52
65
76
61
68
76
69
67
86
86
74
63
48
55
58
56
50
0
0
46
56
60
47
35
51
56
56
57
72
67
70
67
54
71
48
38
45
62
44
71
83
86
61
0
56
54
74
74
72
58
54
43
55
72
67
68
68
81
84
82
51
48
61
42
47
64
48
51
65
