0
5150
8104
8662
11517
11448
12093
12177
11624
9810
6452
7352
6345
9438
12335
8325
5761
6913
9196
5905
15256
12132
14223
12010
8218
4523
0
4484
7476
7449
6883
5352
8095
7596
10564
7772
11928
11741
9957
11054
12960
8335
10018
8972
7288
2452
6367
9681
11728
8269
12373
13946
0
8214
9716
9716
10744
7975
11259
10059
11086
11086
8539
10090
8705
8174
5957
11968
10849
10191
12764
10118
10925
4925
8598
7721
7496
7905
0
5622
12483
8588
13349
7272
13824
12428
14040
15720
12834
11926
7832
7832
8404
8928
5246
6039
4960
6768
7580
3398
7931
9711
8419
5294
0
7031
4624
5852
7785
8741
4942
7301
9789
9238
2749
5729
7495
7495
9715
5511
7214
7642
7252
2303
3259
7140
13034
11173
10979
10979
0
7705
7705
9331
10281
6487
6716
5159
7608
8172
7691
5742
8719
10265
8471
7764
6776
6383
9342
8599
6519
7364
6735
7674
6338
5682
0
3854
10587
5576
5950
4996
7932
6637
4789
7361
5135
5135
6942
10569
7306
2733
3713
6176
6481
5843
5843
5219
8172
10541
7824
10895
0
3155
5571
7606
11834
10020
12263
9381
7491
13119
11421
9615
7653
4525
7118
7626
12830
9626
5548
11447
11045
10767
14237
11601
9162
10000
0
4731
6012
8079
8648
3665
10954
10390
8118
6842
6807
8038
8002
8548
11277
13348
8083
8225
11885
14374
14374
10296
6874
6397
3882
9135
0
6361
3394
14506
12820
11194
10507
9321
11379
10170
5061
6201
11318
6300
8887
8807
7576
7825
3434
3362
3939
6655
8736
8286
6475
10537
0
10132
6842
9412
7693
8725
9150
8331
8331
7269
7269
5184
5804
5858
6162
4745
4691
4465
4351
6260
6260
7311
7484
7169
6060
6912
0
3507
5107
5107
13723
14560
16916
12517
9907
10526
4772
7923
5584
7549
7908
9723
6649
4043
4809
10364
9633
9633
8862
9383
10054
11582
0
7011
5926
7148
10452
10452
7168
5637
6602
12949
14013
10484
6042
2272
5407
9294
6474
9070
9257
7278
2331
5513
3513
4781
5948
9983
0
3775
6497
8810
5994
7722
7393
4846
3224
5783
10275
5728
6970
10322
14059
9383
13597
13654
13557
15206
8125
11053
5527
4296
6402
10824
0
8432
9387
10476
5938
10755
7781
7155
10955
8749
1733
3863
4833
3629
5054
6789
5684
10007
12113
9399
11693
13604
11801
2424
10648
10383
0
5384
5384
9557
8200
5989
3983
9487
9538
9086
5847
6869
10224
3298
4717
8865
9312
5705
2618
4958
10056
13039
9581
9656
4458
6706
0
5082
8221
8221
8056
5646
6236
6798
7601
7339
8220
5967
6567
7541
8688
9008
9008
12226
7323
4292
7182
9442
5839
5984
11029
10792
0
2136
6213
11516
12342
11263
9181
11538
2775
7224
7325
7984
9076
11613
9659
5773
6607
6607
8277
3833
2859
5983
7399
6467
6467
4323
0
2819
7276
8937
12212
9626
9626
6010
3328
7783
9787
7645
5544
5544
6382
4964
7432
7432
5004
6299
8697
10198
11731
13675
12428
8087
0
6157
9396
12971
9427
10441
8544
14321
15473
11047
5030
8284
10644
8896
9445
11070
9351
8389
11515
7079
6073
5870
9158
10091
6304
6817
