0
36
53
58
35
71
66
59
59
61
62
62
73
60
36
47
66
66
60
35
45
71
72
53
52
60
0
52
52
68
66
12
71
66
78
76
72
54
40
44
17
25
49
58
66
66
64
54
70
72
77
78
0
42
60
51
41
30
46
64
71
59
65
58
44
66
77
70
72
64
62
56
80
86
81
71
44
58
0
40
67
67
81
56
42
29
76
76
68
72
72
71
79
66
58
46
61
48
59
54
78
78
62
55
0
29
39
50
64
63
63
59
57
50
69
73
67
68
72
49
63
55
61
52
52
66
62
46
46
41
0
51
41
44
67
67
53
65
81
75
79
58
53
49
72
65
62
53
58
58
46
60
65
72
59
54
0
24
54
54
41
50
40
40
51
62
63
74
72
65
64
51
42
73
79
77
66
69
60
49
32
48
0
35
54
43
72
67
57
57
66
63
60
67
69
59
61
78
85
71
63
63
33
60
68
57
66
57
0
29
70
70
71
61
65
55
40
57
59
50
57
64
52
61
69
67
51
53
60
75
76
64
69
62
0
23
29
54
66
76
81
76
69
59
41
50
67
67
41
32
54
58
64
39
78
72
43
51
63
38
0
65
71
65
65
48
76
71
71
65
77
51
59
50
50
84
79
79
50
61
57
68
70
68
57
68
0
63
63
25
43
46
50
50
39
64
53
48
66
62
68
61
61
49
59
57
57
64
52
72
73
72
0
36
47
47
51
62
55
57
62
61
64
76
58
68
72
69
72
72
51
53
51
58
44
54
72
79
0
42
56
56
48
63
59
47
49
59
56
41
57
57
53
63
59
64
74
70
79
57
81
58
70
72
0
38
53
72
66
78
71
68
54
69
38
38
44
54
37
57
51
46
35
55
61
48
44
48
60
60
0
44
58
78
70
56
56
68
48
50
22
39
66
66
58
42
69
75
76
62
68
50
53
37
50
61
0
26
51
20
34
61
64
64
61
56
54
50
58
33
56
56
50
70
65
75
65
74
76
59
53
58
0
35
52
56
46
55
59
66
62
76
72
49
71
70
78
55
77
82
82
68
64
61
63
75
63
79
0
48
63
77
84
79
70
47
71
73
69
72
45
69
67
62
62
34
81
79
74
60
60
65
69
71
0
48
39
55
58
71
68
60
59
79
71
59
74
83
83
71
70
75
70
52
64
53
54
54
71
66
