0
6668
7613
9099
8974
11001
13181
10053
11395
8566
6239
5700
8771
5756
9756
11474
10730
15352
12510
12996
5203
7699
8043
9823
8619
9780
0
4312
4819
5125
3707
8251
7891
6912
12723
10133
8069
11913
12854
8074
7440
3446
5303
7218
7295
4145
10066
8121
11327
7767
11332
8468
0
10788
11538
9786
10769
11424
13125
12003
9977
8875
11571
5802
2872
2078
7941
7106
9181
6598
11085
10668
3960
7148
8402
6573
9701
6566
0
5641
5599
6382
9568
13112
9928
8265
9933
11726
9171
7704
6458
11193
11141
13926
5650
7271
11026
11440
10637
7291
5353
8138
8263
3434
0
7632
9106
10711
7142
4681
3301
3353
6357
10832
8458
7770
14921
10854
8836
11333
7676
9698
8339
10437
8706
5736
6447
4684
8007
8007
0
2287
5063
11320
12712
15216
11954
5872
4914
9807
12617
10004
13287
8042
9820
9315
10410
10410
11008
6158
7407
9266
6628
7057
6957
6531
0
6392
2656
9625
13471
15501
8838
8564
8541
7664
6784
3395
10306
11379
13599
4973
7915
11503
12089
10302
5487
7036
7668
10545
11075
11075
0
6381
3909
11085
13461
13142
13142
13439
10473
8852
9273
15395
13800
13800
11782
8588
2625
4630
7783
8402
10453
7288
7288
6717
8223
9588
0
8617
11334
7474
9057
7100
7343
8365
9028
6803
7281
5678
8570
5685
8479
9077
11957
9234
3635
6749
8401
8401
8424
10867
14044
13259
0
3095
5589
5874
4726
5898
12069
12723
10473
13177
11085
9403
8946
8946
5746
9598
7643
12717
15486
15899
8814
10162
7283
7596
10095
6280
0
6128
7693
10129
7206
8983
11113
9597
9603
4165
10571
12981
9438
8361
10174
10998
8632
7957
7957
11841
7071
5701
7040
8415
11092
11235
0
13967
15414
15722
14524
13978
12094
8448
13635
9409
8587
8455
10281
6276
7933
4243
6012
7192
7152
7763
5072
8074
6748
5541
8786
8860
0
5599
7958
7286
6596
4186
7073
5333
8161
11178
9626
13325
10840
8490
3408
8166
10045
12704
14758
10644
6405
13919
13582
8245
10164
13216
0
10845
10720
9931
10544
11132
8695
6066
5873
5931
7147
14293
14293
10662
19219
15753
6887
4928
8081
7658
7162
8323
17165
10314
8425
5874
0
4014
8034
8034
5268
9113
9739
5425
7643
6649
8288
6489
3339
6743
8155
7886
6218
8315
5027
10798
8960
7592
9378
8515
8623
11467
0
8071
8019
10972
10972
9970
5783
8866
6988
9374
10982
9535
9587
6757
7626
7098
7549
6309
6436
9497
4253
9503
9503
5240
3958
5743
0
6313
2423
6930
11562
7703
5480
5773
8009
7833
7895
7739
6087
6235
5322
3973
3805
4486
5611
6807
5818
9656
6364
4055
3319
6370
0
5237
12076
8746
8530
7425
11621
16256
14684
14566
11609
9373
9978
10216
11025
11025
9734
12730
10890
5365
6477
2111
9546
5883
9716
12028
0
14739
14781
15307
14471
14254
11263
8858
8296
7592
11821
10422
12300
11727
10702
8792
8792
8631
9179
6905
6776
3691
5901
8371
6937
6853
0
4111
13455
10989
4325
8284
8707
8707
5415
6192
4946
4743
6495
8224
6928
9424
8231
5461
8130
12107
8653
13239
11937
13186
10691
3628
