1.0
0.3532934131736527
0.3203592814371258
0.328
0.30884557721139433
0.31092436974789917
0.31
0.3059125964010283
0.3075768942235559
0.306
0.3043217286914766
0.3011456628477905
0.302
0.3010156971375808
0.2991855979425632
0.3017206882753101
0.3038259564891223
0.30321214260501234
0.2997665888629543
0.30037902716361337
0.2974189675870348
0.2969419834238354
0.29650845608292414
0.29410229645093944
0.2948237059264816
0.29627851140456185
0.2947830101569714
0.29539897755056677
0.2958199356913183
0.2955298013245033
0.29471788715486197
1.0
0.3652694610778443
0.3413173652694611
0.338
0.32533733133433285
0.3133253301320528
0.308
0.30248500428449016
0.30307576894223553
0.3
0.29471788715486197
0.2956901254773595
0.294
0.2917820867959372
0.2906129447063866
0.2925170068027211
0.29632408102025504
0.2993293328626897
0.3007669223074358
0.30069488313329124
0.3004201680672269
0.3009431266076022
0.30032733224222585
0.3003653444676409
0.29932483120780196
0.2998799519807923
0.2987072945521699
0.2969548788619693
0.29860664523043945
0.2990480132450331
0.29851940776310526
1.0
0.3772455089820359
0.3562874251497006
0.354
0.34632683658170915
0.3349339735894358
0.326
0.32305055698371893
0.31357839459864967
0.31733333333333336
0.3133253301320528
0.309328968903437
0.3105
0.3097876269621422
0.30818688384054865
0.30692276910764305
0.3083270817704426
0.30638898693963995
0.3064354784928309
0.3098547062539482
0.30582232893157263
0.3046584738496713
0.3019639934533552
0.30167014613778703
0.301825456364091
0.302280912364946
0.3030932594644506
0.30073349633251834
0.30032154340836015
0.30008278145695366
0.2995198079231693
1.0
0.32335329341317365
0.3023952095808383
0.296
0.2908545727136432
0.3013205282112845
0.298
0.29991431019708653
0.3023255813953488
0.29933333333333334
0.30012004801920766
0.3016912165848336
0.296
0.29732225300092335
0.30090012858979853
0.3005202080832333
0.3015753938484621
0.3025061771973173
0.3041013671223741
0.3038534428300695
0.3013205282112845
0.30180051443269507
0.30141843971631205
0.299321503131524
0.3008252063015754
0.30156062424969987
0.30193905817174516
0.3018448544120916
0.3016077170418006
0.30153145695364236
0.3011204481792717
1.0
0.39520958083832336
0.3473053892215569
0.338
0.3313343328335832
0.31812725090036015
0.311
0.30762639245929735
0.3090772693173293
0.306
0.3067226890756303
0.3011456628477905
0.307
0.3047091412742382
0.30561508786969566
0.30572228891556624
0.3064516129032258
0.30603600423579247
0.304434811603868
0.30227416298168036
0.3010204081632653
0.3032294941411832
0.30469176213857063
0.30323590814196244
0.3023255813953488
0.30036014405762307
0.30032317636195754
0.2991775950211158
0.29839228295819936
0.298841059602649
0.297719087635054
1.0
0.3652694610778443
0.344311377245509
0.33
0.33883058470764615
0.33133253301320525
0.326
0.31790916880891174
0.30982745686421603
0.31466666666666665
0.3097238895558223
0.3082378614293508
0.3055
0.3097876269621422
0.3116159451350193
0.3093237294917967
0.3094523630907727
0.3074479350511825
0.30743581193731245
0.30795957043588124
0.3085234093637455
0.30494426979136896
0.30469176213857063
0.30427974947807934
0.3055763940985246
0.304921968787515
0.3054016620498615
0.30495665703489666
0.3031082529474812
0.3023592715231788
0.30232092837134855
1.0
0.3532934131736527
0.33532934131736525
0.322
0.32533733133433285
0.3217286914765906
0.317
0.31191088260497
0.30982745686421603
0.30666666666666664
0.3067226890756303
0.2995090016366612
0.2995
0.2996306555863343
0.30218602657522503
0.3021208483393357
0.3015753938484621
0.30533003882809745
0.304434811603868
0.3051168667087808
0.30462184873949577
0.30494426979136896
0.3044189852700491
0.3071503131524008
0.30657664416104025
0.30660264105642254
0.3077100646352724
0.3065125583462992
0.30418006430868166
0.3040149006622517
0.3041216486594638
1.0
0.3413173652694611
0.344311377245509
0.336
0.32083958020989506
0.3241296518607443
0.321
0.3213367609254499
0.32333083270817703
0.32066666666666666
0.3205282112845138
0.3180578286961266
0.315
0.3074792243767313
0.30818688384054865
0.3045218087234894
0.3057014253563391
0.30285915990116485
0.30343447815938646
0.302905874921036
0.3013205282112845
0.3015147184909974
0.3022367703218767
0.30088726513569936
0.3008252063015754
0.30084033613445377
0.30240073868882733
0.3020671260280062
0.3022508038585209
0.30173841059602646
0.3011204481792717
1.0
0.31736526946107785
0.3203592814371258
0.31
0.30884557721139433
0.3157262905162065
0.323
0.32047986289631536
0.31807951987997
0.31933333333333336
0.3169267707082833
0.314784506273868
0.3115
0.3097876269621422
0.3090441491641663
0.3081232492997199
0.304576144036009
0.30285915990116485
0.3037679226408803
0.3041692987997473
0.30462184873949577
0.3060874535581595
0.30414620840152756
0.3058455114822547
0.30607651912978245
0.30540216086434574
0.3072483841181902
0.3065125583462992
0.307395498392283
0.30711920529801323
0.305922368947579
1.0
0.33532934131736525
0.2994011976047904
0.296
0.3073463268365817
0.31092436974789917
0.311
0.31533847472150817
0.30982745686421603
0.30933333333333335
0.3133253301320528
0.3071467539552646
0.306
0.30701754385964913
0.31118731247321046
0.31412565026010403
0.3124531132783196
0.31203671020120016
0.31177059019673226
0.3139608338597599
0.31392557022809126
0.3143755358673907
0.3131478450627387
0.31419624217118997
0.3145786446611653
0.3150060024009604
0.3162511542012927
0.316737052678373
0.3144694533762058
0.31477649006622516
0.31392557022809126
