1.0
0.3772455089820359
0.3532934131736527
0.354
0.32983508245877063
0.3241296518607443
0.329
0.3333333333333333
0.3435858964741185
0.344
0.3445378151260504
0.34206219312602293
0.339
0.33748845798707294
0.3390484354907844
0.33733493397358943
0.3360840210052513
0.33709848217437344
0.33744581527175727
0.33575489576753
0.33433373349339734
0.3326664761360389
0.3311511183851609
0.3311586638830898
0.3305826456614154
0.33085234093637456
0.3317174515235457
0.3322960657923983
0.33161843515541267
0.33278145695364236
0.33433373349339734
1.0
0.41916167664670656
0.38922155688622756
0.386
0.37181409295352325
0.36614645858343337
0.366
0.35904027420736934
0.3570892723180795
0.34933333333333333
0.34513805522208885
0.3475177304964539
0.3445
0.34533702677746997
0.34419202743249033
0.34253701480592236
0.34321080270067517
0.3423932227320861
0.3414471490496832
0.34080859128237523
0.34183673469387754
0.3423835381537582
0.3431533006001091
0.34342379958246344
0.3428357089272318
0.34405762304921966
0.34187442289935366
0.3409646588130696
0.34169346195069666
0.3404387417218543
0.34293717486994796
1.0
0.3712574850299401
0.3502994011976048
0.34
0.335832083958021
0.32533013205282113
0.335
0.3401885175664096
0.34433608402100524
0.3413333333333333
0.33613445378151263
0.33606110201854883
0.3375
0.3333333333333333
0.33433347621088727
0.33373349339735897
0.33233308327081773
0.33180374161666076
0.33111037012337446
0.3332280480101074
0.33403361344537813
0.334095455844527
0.33387888707037644
0.3345511482254697
0.3358339584896224
0.33373349339735897
0.3344875346260388
0.3342965103356301
0.3352625937834941
0.3362996688741722
0.33653461384553823
1.0
0.38922155688622756
0.3473053892215569
0.334
0.3268365817091454
0.3277310924369748
0.317
0.32047986289631536
0.3210802700675169
0.32666666666666666
0.3283313325330132
0.32678668848881615
0.3275
0.32779316712834716
0.32876125160737246
0.32973189275710285
0.3300825206301575
0.3325097070243558
0.33311103701233746
0.3319646241313961
0.33313325330132054
0.3332380680194341
0.3344244408074195
0.33585594989561585
0.3380845211302826
0.3375750300120048
0.33771929824561403
0.33718604134252056
0.33612004287245445
0.33692052980132453
0.33833533413365346
1.0
0.38323353293413176
0.3383233532934132
0.332
0.32233883058470764
0.3205282112845138
0.332
0.33590402742073694
0.33383345836459116
0.33466666666666667
0.3385354141656663
0.3382433169667212
0.3415
0.34164358264081257
0.3403343334762109
0.33813525410164064
0.3353338334583646
0.3349805859512884
0.3367789263087696
0.3367024636765635
0.33763505402160865
0.33723921120320094
0.339607201309329
0.33924843423799583
0.33758439609902474
0.3370948379351741
0.33771929824561403
0.3365192264947766
0.3371918542336549
0.33692052980132453
0.33613445378151263
1.0
0.4431137724550898
0.38323353293413176
0.368
0.3613193403298351
0.3565426170468187
0.342
0.34361610968294776
0.34058514628657166
0.3393333333333333
0.34213685474189676
0.3436988543371522
0.3435
0.3444136657433056
0.3420488641234462
0.3393357342937175
0.3379594898724681
0.34027532650900105
0.33811270423474493
0.33607075173720785
0.33733493397358943
0.3358102314947128
0.33496999454446263
0.3345511482254697
0.3328332083020755
0.33157262905162066
0.33102493074792244
0.3311847077128251
0.3322615219721329
0.3309188741721854
0.3311324529811925
1.0
0.4311377245508982
0.3712574850299401
0.358
0.34332833583208394
0.33133253301320525
0.33
0.32476435304198803
0.32558139534883723
0.3293333333333333
0.3349339735894358
0.33769776322967815
0.337
0.3337950138504155
0.3334762108872696
0.3329331732693077
0.3304576144036009
0.3268619837627956
0.326108702900967
0.32533164876816173
0.32593037214885956
0.32752214918548156
0.3281505728314239
0.3288100208768267
0.328832208052013
0.3277310924369748
0.3268698060941828
0.3276283618581907
0.3273311897106109
0.32719370860927155
0.3277310924369748
1.0
0.38922155688622756
0.3772455089820359
0.37
0.36731634182908546
0.3565426170468187
0.348
0.34790059982862037
0.3488372093023256
0.3453333333333333
0.34213685474189676
0.34097108565193673
0.3355
0.33564173591874424
0.3347621088726961
0.33013205282112845
0.32970742685671417
0.3303918108012707
0.32910970323441147
0.3297536323436513
0.3292316926770708
0.32923692483566736
0.3330605564648118
0.33194154488517746
0.33233308327081773
0.33205282112845136
0.33079409048938135
0.3311847077128251
0.3333333333333333
0.33278145695364236
0.33353341336534614
1.0
0.3592814371257485
0.33532934131736525
0.326
0.31784107946026985
0.3205282112845138
0.325
0.32305055698371893
0.32408102025506375
0.3253333333333333
0.3289315726290516
0.32951445717403166
0.332
0.33564173591874424
0.3334762108872696
0.33053221288515405
0.3319579894973743
0.3303918108012707
0.33211070356785594
0.3344914718888187
0.3358343337334934
0.33666761931980566
0.33906164757228585
0.33924843423799583
0.336834208552138
0.3358943577430972
0.33287165281625114
0.33251833740831294
0.33290460878885314
0.3331953642384106
0.33433373349339734
1.0
0.41916167664670656
0.3712574850299401
0.366
0.3493253373313343
0.3385354141656663
0.34
0.33676092544987146
0.3413353338334584
0.342
0.3433373349339736
0.342607746863066
0.341
0.3425669436749769
0.342477496785255
0.3401360544217687
0.3379594898724681
0.338863395693611
0.3414471490496832
0.3385975994946305
0.3400360144057623
0.33781080308659617
0.33578832515002727
0.3353340292275574
0.336834208552138
0.33877551020408164
0.33725761772853186
0.33674149811069126
0.3367631296891747
0.3362996688741722
0.336734693877551
