1.0
0.3413173652694611
0.30538922155688625
0.306
0.30434782608695654
0.31092436974789917
0.318
0.31533847472150817
0.31207801950487624
0.31
0.3079231692677071
0.3066012002182215
0.308
0.30886426592797783
0.30518645520788684
0.30732292917166865
0.3102025506376594
0.31203671020120016
0.31077025675225073
0.31143398610233736
0.3097238895558223
0.3075164332666476
0.30741953082378615
0.30532359081419624
0.30582645661415353
0.30396158463385353
0.30424746075715603
0.30451211380306736
0.30289389067524114
0.3040149006622517
0.3033213285314126
1.0
0.3413173652694611
0.32335329341317365
0.302
0.29985007496251875
0.3013205282112845
0.296
0.3041988003427592
0.3008252063015754
0.30733333333333335
0.3043217286914766
0.303873431533006
0.3035
0.30378578024007385
0.3030432918988427
0.3033213285314126
0.30607651912978245
0.3046240734204024
0.30343447815938646
0.30069488313329124
0.3025210084033613
0.30265790225778794
0.30250954719039824
0.30193110647181626
0.30307576894223553
0.3058823529411765
0.30401662049861494
0.3034007557234941
0.3035369774919614
0.3048427152317881
0.3041216486594638
1.0
0.3652694610778443
0.3383233532934132
0.332
0.328335832083958
0.3205282112845138
0.316
0.31276778063410454
0.3143285821455364
0.316
0.3163265306122449
0.31042007637752317
0.3095
0.30840258541089566
0.30732961851693097
0.30692276910764305
0.30607651912978245
0.30568302153194493
0.30576858952984326
0.3044851547694251
0.3037214885954382
0.30437267790797373
0.3033278777959629
0.3048016701461378
0.3048262065516379
0.30684273709483795
0.30678670360110805
0.3056234718826406
0.30418006430868166
0.3033940397350993
0.3015206082432973
1.0
0.31736526946107785
0.32335329341317365
0.332
0.32983508245877063
0.31812725090036015
0.316
0.31276778063410454
0.31207801950487624
0.31866666666666665
0.3199279711884754
0.31969448990725585
0.314
0.314404432132964
0.3163309044149164
0.3137254901960784
0.3124531132783196
0.31309565831274266
0.31177059019673226
0.31143398610233736
0.31032412965186074
0.3103743926836239
0.31042007637752317
0.3089770354906054
0.30882720680170045
0.30804321728691475
0.3054016620498615
0.3051789286508113
0.3037513397642015
0.3029801324503311
0.304921968787515
1.0
0.33532934131736525
0.31736526946107785
0.286
0.30134932533733133
0.28811524609843936
0.285
0.2819194515852613
0.2828207051762941
0.286
0.2857142857142857
0.28696126568466995
0.2855
0.2880886426592798
0.28761251607372484
0.290516206482593
0.29257314328582146
0.29368160960112955
0.2954318106035345
0.295641187618446
0.296218487394958
0.2943698199485567
0.2956901254773595
0.29566805845511485
0.2935733933483371
0.29411764705882354
0.2933979686057248
0.29406534785507893
0.29517684887459805
0.29366721854304634
0.2931172468987595
1.0
0.3772455089820359
0.32335329341317365
0.31
0.30434782608695654
0.3037214885954382
0.301
0.299057412167952
0.29932483120780196
0.3006666666666667
0.30192076830732295
0.3011456628477905
0.301
0.29778393351800553
0.2974710672953279
0.2961184473789516
0.29744936234058517
0.2975644193434522
0.298432810936979
0.2962728995578016
0.2974189675870348
0.29837096313232353
0.3000545553737043
0.29958246346555323
0.29982495623905975
0.3020408163265306
0.30401662049861494
0.3027339408757502
0.3020364415862808
0.30173841059602646
0.3025210084033613
1.0
0.3772455089820359
0.3323353293413174
0.33
0.32533733133433285
0.3217286914765906
0.324
0.3161953727506427
0.31357839459864967
0.31133333333333335
0.3133253301320528
0.303873431533006
0.302
0.30009233610341646
0.2987569652807544
0.29931972789115646
0.3015753938484621
0.3007412636780798
0.3027675891963988
0.3041692987997473
0.30462184873949577
0.3023721063160903
0.30250954719039824
0.3037578288100209
0.30332583145786446
0.30540216086434574
0.30355493998153277
0.3051789286508113
0.30803858520900324
0.3083609271523179
0.3071228491396559
1.0
0.32335329341317365
0.3143712574850299
0.306
0.3058470764617691
0.2965186074429772
0.296
0.29477292202227934
0.3015753938484621
0.2986666666666667
0.30012004801920766
0.3011456628477905
0.305
0.3028624192059095
0.3004714959279897
0.3041216486594638
0.30607651912978245
0.3067419696434875
0.30576858952984326
0.3051168667087808
0.30282112845138054
0.30437267790797373
0.3027823240589198
0.30323590814196244
0.301825456364091
0.30276110444177673
0.3010156971375808
0.30073349633251834
0.3011789924973205
0.30091059602649006
0.3009203681472589
1.0
0.3532934131736527
0.32934131736526945
0.32
0.31334332833583206
0.30612244897959184
0.311
0.3093401885175664
0.30982745686421603
0.308
0.3079231692677071
0.3027823240589198
0.303
0.30240073868882733
0.2983283326189456
0.3013205282112845
0.3027006751687922
0.3018002117896223
0.3021007002334111
0.3016424510423247
0.3010204081632653
0.30180051443269507
0.3022367703218767
0.30193110647181626
0.30257564391097774
0.3030012004801921
0.3026315789473684
0.3029562124916648
0.30289389067524114
0.30153145695364236
0.30232092837134855
1.0
0.3413173652694611
0.3323353293413174
0.306
0.3103448275862069
0.31452581032412963
0.311
0.31276778063410454
0.31282820705176295
0.31466666666666665
0.31392557022809126
0.314784506273868
0.3135
0.31024930747922436
0.30818688384054865
0.3077230892356943
0.30795198799699924
0.30780091775503
0.3081027009003001
0.30701200252684774
0.3055222088835534
0.30580165761646183
0.30469176213857063
0.3029749478079332
0.30257564391097774
0.3010804321728692
0.2987072945521699
0.30028895310068904
0.3011789924973205
0.30049668874172186
0.3005202080832333
