1.0
0.4311377245508982
0.39221556886227543
0.39
0.3793103448275862
0.38535414165666265
0.397
0.3898886032562125
0.3870967741935484
0.38666666666666666
0.3847539015606242
0.3829787234042553
0.3845
0.3845798707294552
0.38276896699528506
0.38535414165666265
0.3870967741935484
0.3875750088245676
0.38579526508836276
0.38597599494630447
0.3859543817527011
0.38353815375821665
0.38379705400981995
0.3828288100208768
0.3833458364591148
0.38199279711884754
0.3827331486611265
0.38386308068459657
0.38263665594855306
0.3843129139072848
0.383953581432573
1.0
0.41916167664670656
0.40718562874251496
0.394
0.3808095952023988
0.3877551020408163
0.38
0.3873179091688089
0.38634658664666166
0.388
0.3847539015606242
0.3873431533006001
0.389
0.38873499538319484
0.3870552936133733
0.3881552621048419
0.3915978994748687
0.3903988704553477
0.38779593197732576
0.38566013897662665
0.3859543817527011
0.3863961131751929
0.38652482269503546
0.38543841336116913
0.38609652413103274
0.3872749099639856
0.38688827331486614
0.386752611691487
0.38692390139335475
0.3880380794701987
0.3863545418167267
1.0
0.4251497005988024
0.39520958083832336
0.396
0.39280359820089955
0.3937575030012005
0.39
0.3864610111396744
0.38484621155288823
0.38466666666666666
0.38535414165666265
0.38243316966721225
0.386
0.38180978762696216
0.38019717102443207
0.38015206082432973
0.38147036759189795
0.38263325097070244
0.3837945981993998
0.3821857233101706
0.38235294117647056
0.3826807659331237
0.38243316966721225
0.3828288100208768
0.3830957739434859
0.38487394957983195
0.3845798707294552
0.3845298955323405
0.3839228295819936
0.3832781456953642
0.38195278111244496
1.0
0.38922155688622756
0.39520958083832336
0.398
0.39730134932533734
0.38895558223289317
0.389
0.3864610111396744
0.3900975243810953
0.3933333333333333
0.3955582232893157
0.3949809056192035
0.3905
0.3915050784856879
0.3934847835405058
0.39015606242497
0.3878469617404351
0.38933992234380516
0.3871290430143381
0.38660770688566015
0.3847539015606242
0.3843955415833095
0.3840698308783415
0.38308977035490605
0.38234558639659916
0.382953181272509
0.38134810710988
0.3825294509891087
0.3807073954983923
0.37996688741721857
0.38035214085634256
1.0
0.4251497005988024
0.39520958083832336
0.366
0.3808095952023988
0.36494597839135656
0.363
0.3616109682947729
0.3630907726931733
0.36533333333333334
0.3637454981992797
0.3649754500818331
0.362
0.36426592797783935
0.3634804972138877
0.36494597839135656
0.3657164291072768
0.3671020120014119
0.37079026342114035
0.3708149084017688
0.37184873949579833
0.37124892826521866
0.3723404255319149
0.37265135699373697
0.37084271067766944
0.37142857142857144
0.37049861495844877
0.3714158701933763
0.372561629153269
0.3714817880794702
0.3719487795118047
1.0
0.4491017964071856
0.41317365269461076
0.39
0.3853073463268366
0.38895558223289317
0.387
0.38131962296486716
0.3818454613653413
0.382
0.38235294117647056
0.3807965084560829
0.379
0.37950138504155123
0.38019717102443207
0.38095238095238093
0.3803450862715679
0.3805153547476174
0.38112704234744915
0.3793430195830701
0.3802521008403361
0.380965990282938
0.38161483906164756
0.38230688935281837
0.38209552388097023
0.3831932773109244
0.3843490304709141
0.38341853745276727
0.3837084673097535
0.3841059602649007
0.38415366146458585
1.0
0.4550898203592814
0.41916167664670656
0.416
0.4062968515742129
0.3997599039615846
0.405
0.3967437874892888
0.3938484621155289
0.39066666666666666
0.39255702280912363
0.3840698308783415
0.3855
0.3831948291782087
0.3806258036862409
0.37975190076030413
0.3810952738184546
0.37910342393222735
0.38112704234744915
0.3821857233101706
0.38235294117647056
0.38068019434124034
0.37943262411347517
0.38021920668058456
0.3798449612403101
0.38127250900360143
0.3785780240073869
0.37963991998221824
0.3817792068595927
0.38162251655629137
0.38075230092036816
1.0
0.40718562874251496
0.39221556886227543
0.394
0.38980509745127434
0.38055222088835533
0.387
0.38217652099400173
0.390847711927982
0.39
0.39015606242497
0.3878887070376432
0.39
0.38596491228070173
0.387912558936991
0.38935574229691877
0.39122280570142537
0.39251676667843277
0.3901300433477826
0.3894504106127606
0.3868547418967587
0.3883966847670763
0.3873431533006001
0.38778705636743216
0.38584646161540387
0.3858343337334934
0.38411819021237303
0.3827517226050233
0.38263665594855306
0.382864238410596
0.38235294117647056
1.0
0.41317365269461076
0.39221556886227543
0.388
0.3793103448275862
0.37334933973589435
0.376
0.37275064267352187
0.37884471117779445
0.37733333333333335
0.38115246098439376
0.3791598472449536
0.3775
0.3781163434903047
0.37419631375910845
0.3761504601840736
0.3765941485371343
0.3755735968937522
0.3741247082360787
0.3742893240682249
0.37304921968787513
0.37382109174049727
0.37534097108565195
0.375
0.37484371092773194
0.375750300120048
0.37511542012927057
0.37541675927984
0.3764201500535906
0.37624172185430466
0.37655062024809927
1.0
0.437125748502994
0.41916167664670656
0.388
0.38980509745127434
0.3937575030012005
0.386
0.390745501285347
0.390847711927982
0.39066666666666666
0.3871548619447779
0.3889798145117294
0.391
0.38688827331486614
0.385340762966138
0.38895558223289317
0.3885971492873218
0.3872220261207201
0.3867955985328443
0.38566013897662665
0.38415366146458585
0.38382394969991424
0.3832515002727769
0.3825678496868476
0.38234558639659916
0.38031212484994
0.3801939058171745
0.3825294509891087
0.38263665594855306
0.3830711920529801
0.38375350140056025
