1.0
0.47305389221556887
0.4251497005988024
0.4
0.3853073463268366
0.38055222088835533
0.386
0.390745501285347
0.3885971492873218
0.38333333333333336
0.38055222088835533
0.3802509547190398
0.38
0.37903970452446906
0.37848264037719676
0.37655062024809927
0.37884471117779445
0.37769149311683725
0.377459153051017
0.37871130764371447
0.3745498199279712
0.3766790511574736
0.3769776322967812
0.37656576200417535
0.37759439859964994
0.37695078031212487
0.3783471837488458
0.37763947543898646
0.37813504823151123
0.3795529801324503
0.3787515006002401
1.0
0.4550898203592814
0.41916167664670656
0.398
0.391304347826087
0.3949579831932773
0.391
0.390745501285347
0.3833458364591148
0.38
0.3847539015606242
0.3840698308783415
0.3795
0.3785780240073869
0.37848264037719676
0.37655062024809927
0.3743435858964741
0.3752206141899047
0.37679226408802935
0.37681617182564753
0.37785114045618245
0.3778222349242641
0.3799781778505183
0.3794363256784969
0.38209552388097023
0.3824729891956783
0.3831948291782087
0.3816403645254501
0.3802786709539121
0.3795529801324503
0.3791516606642657
1.0
0.4251497005988024
0.38323353293413176
0.384
0.3778110944527736
0.38535414165666265
0.387
0.38817480719794345
0.3885971492873218
0.38866666666666666
0.39255702280912363
0.39279869067103107
0.3925
0.3961218836565097
0.39777111015859407
0.39775910364145656
0.396099024756189
0.39286974938228025
0.3931310436812271
0.39260897030953884
0.39165666266506605
0.38982566447556444
0.38761593016912166
0.39065762004175364
0.38884721180295073
0.3879951980792317
0.3875807940904894
0.3880862413869749
0.387566988210075
0.3892798013245033
0.38855542216886757
1.0
0.41317365269461076
0.40119760479041916
0.386
0.3778110944527736
0.38415366146458585
0.378
0.3898886032562125
0.3878469617404351
0.38533333333333336
0.3835534213685474
0.38243316966721225
0.378
0.3799630655586334
0.3823403343334762
0.38575430172068825
0.386721680420105
0.38616307800917754
0.3867955985328443
0.3885028427037271
0.3865546218487395
0.3881108888253787
0.3884342607746863
0.3903966597077244
0.3893473368342086
0.38895558223289317
0.39012003693444136
0.38964214269837744
0.3897106109324759
0.3878311258278146
0.38755502200880354
1.0
0.4251497005988024
0.40119760479041916
0.398
0.39430284857571213
0.3877551020408163
0.397
0.39331619537275064
0.39234808702175544
0.38866666666666666
0.38835534213685474
0.3829787234042553
0.3835
0.3850415512465374
0.3849121303043292
0.38375350140056025
0.3878469617404351
0.38510412989763504
0.38346115371790596
0.3809222994314593
0.3817527010804322
0.3801086024578451
0.37970540098199673
0.380741127348643
0.3798449612403101
0.3795918367346939
0.38180978762696216
0.38141809290953543
0.3807073954983923
0.38182947019867547
0.3827531012404962
1.0
0.46706586826347307
0.4281437125748503
0.418
0.4047976011994003
0.4021608643457383
0.409
0.40359897172236503
0.3953488372093023
0.3953333333333333
0.39615846338535415
0.3949809056192035
0.394
0.39196675900277006
0.3926275182168881
0.39255702280912363
0.39309827456864216
0.3935757147899753
0.3914638212737579
0.39134554643082753
0.3904561824729892
0.39096884824235495
0.3911620294599018
0.38987473903966596
0.38884721180295073
0.3908763505402161
0.3915050784856879
0.3914203156256946
0.39035369774919615
0.39114238410596025
0.3903561424569828
1.0
0.38323353293413176
0.40119760479041916
0.378
0.3823088455772114
0.3877551020408163
0.385
0.3838903170522708
0.3810952738184546
0.37866666666666665
0.37635054021608644
0.38243316966721225
0.383
0.38365650969529086
0.3857693956279469
0.3877551020408163
0.3878469617404351
0.38581009530533006
0.38779593197732576
0.38660770688566015
0.3877551020408163
0.39154044012575023
0.39088925259138024
0.3901356993736952
0.3885971492873218
0.3870348139255702
0.3861957525392428
0.3845298955323405
0.3832797427652733
0.3830711920529801
0.383953581432573
1.0
0.4311377245508982
0.41916167664670656
0.414
0.4017991004497751
0.3949579831932773
0.406
0.39931448157669236
0.3945986496624156
0.392
0.3907563025210084
0.3851609383524277
0.386
0.3831948291782087
0.3849121303043292
0.3865546218487395
0.3859714928732183
0.3875750088245676
0.3867955985328443
0.38692356285533797
0.38535414165666265
0.3883966847670763
0.3903436988543372
0.3872651356993737
0.3865966491622906
0.3872749099639856
0.3875807940904894
0.3880862413869749
0.3879957127545552
0.3884519867549669
0.39015606242497
1.0
0.4431137724550898
0.40718562874251496
0.4
0.4062968515742129
0.39135654261704683
0.39
0.3873179091688089
0.3885971492873218
0.38866666666666666
0.39255702280912363
0.397708674304419
0.3945
0.39658356417359186
0.39605657951135875
0.39575830332132855
0.39647411852963244
0.39851747264384046
0.39646548849616536
0.3967150979153506
0.39315726290516206
0.39096884824235495
0.389252591380251
0.3883089770354906
0.3875968992248062
0.38871548619447777
0.3871191135734072
0.38741942653923095
0.3873526259378349
0.38638245033112584
0.3855542216886755
1.0
0.41916167664670656
0.4101796407185629
0.396
0.39430284857571213
0.38055222088835533
0.389
0.3873179091688089
0.3900975243810953
0.38533333333333336
0.38535414165666265
0.3818876159301691
0.3825
0.3831948291782087
0.3857693956279469
0.38495398159263705
0.3859714928732183
0.38686904341687256
0.3867955985328443
0.38566013897662665
0.3865546218487395
0.38553872535010003
0.38488816148390614
0.38674321503131526
0.38509627406851715
0.3851140456182473
0.38550323176361956
0.38475216714825516
0.3864951768488746
0.38762417218543044
0.38495398159263705
