1.0
0.41916167664670656
0.38023952095808383
0.394
0.3808095952023988
0.3793517406962785
0.38
0.38046272493573263
0.3825956489122281
0.38266666666666665
0.382953181272509
0.3818876159301691
0.383
0.37903970452446906
0.37719674239177026
0.38055222088835533
0.38072018004501124
0.3812213201553124
0.37879293097699235
0.37839545167403665
0.37635054021608644
0.3769648470991712
0.3767048554282597
0.37552192066805845
0.3758439609902476
0.3771908763505402
0.37696214219759927
0.37808401867081576
0.3785637727759914
0.37789735099337746
0.37735094037615047
1.0
0.46107784431137727
0.4341317365269461
0.418
0.4002998500749625
0.39735894357743096
0.391
0.3873179091688089
0.3870967741935484
0.384
0.3793517406962785
0.37752318603382434
0.3775
0.37765466297322253
0.37719674239177026
0.37775110044017607
0.3803450862715679
0.38016237204376985
0.38146048682894296
0.3812381554011371
0.37965186074429774
0.37925121463275224
0.3788870703764321
0.37995824634655534
0.37884471117779445
0.3791116446578631
0.3781163434903047
0.37763947543898646
0.3785637727759914
0.3787251655629139
0.37815126050420167
1.0
0.4311377245508982
0.4161676646706587
0.418
0.4122938530734633
0.4009603841536615
0.398
0.39588688946015427
0.3870967741935484
0.39
0.38895558223289317
0.3862520458265139
0.3865
0.3850415512465374
0.38276896699528506
0.38375350140056025
0.38447111777944487
0.38581009530533006
0.3864621540513504
0.3903979785217941
0.3877551020408163
0.3869677050585882
0.38570649208947083
0.3870041753653445
0.3873468367091773
0.38751500600240096
0.3878116343490305
0.38608579684374306
0.38435155412647376
0.3826572847682119
0.38235294117647056
1.0
0.41916167664670656
0.38323353293413176
0.374
0.3613193403298351
0.368547418967587
0.374
0.37617823479005996
0.37509377344336087
0.37466666666666665
0.37695078031212487
0.3780687397708674
0.3735
0.3739612188365651
0.37591084440634376
0.3749499799919968
0.3758439609902476
0.3762795623014472
0.3777925975325108
0.37586860391661403
0.374249699879952
0.3741068876821949
0.37261320240043644
0.37082463465553234
0.3710927731932983
0.3723889555822329
0.37234533702677747
0.37252722827294954
0.3729903536977492
0.37396523178807944
0.3739495798319328
1.0
0.4550898203592814
0.40718562874251496
0.398
0.3988005997001499
0.3997599039615846
0.396
0.3924592973436161
0.3975993998499625
0.3953333333333333
0.39615846338535415
0.3933442444080742
0.3985
0.39704524469067404
0.39734247749678525
0.3981592637054822
0.3983495873968492
0.3971055418284504
0.3947982660886962
0.392293114339861
0.3904561824729892
0.3901114604172621
0.38979814511729405
0.38883089770354906
0.3893473368342086
0.3872749099639856
0.3864265927977839
0.3863080684596577
0.38478027867095393
0.3843129139072848
0.3831532613045218
1.0
0.41916167664670656
0.4161676646706587
0.404
0.41379310344827586
0.40456182472989194
0.396
0.39417309340188517
0.390847711927982
0.39266666666666666
0.38895558223289317
0.3895253682487725
0.3875
0.3896583564173592
0.3896270895842263
0.3865546218487395
0.3870967741935484
0.3854571126014825
0.3847949316438813
0.38408085912823753
0.38385354141656663
0.3812517862246356
0.3802509547190398
0.37995824634655534
0.3818454613653413
0.38031212484994
0.38065558633425667
0.3798621915981329
0.377491961414791
0.37665562913907286
0.3761504601840736
1.0
0.4251497005988024
0.4281437125748503
0.412
0.4107946026986507
0.4105642256902761
0.402
0.389031705227078
0.3870967741935484
0.38266666666666665
0.38115246098439376
0.3769776322967812
0.378
0.3799630655586334
0.37848264037719676
0.37855142056822727
0.37884471117779445
0.3822802682668549
0.37945981993998
0.3790271636133923
0.3787515006002401
0.3803943983995427
0.3807965084560829
0.3836116910229645
0.385346336584146
0.38607442977190876
0.3864265927977839
0.38475216714825516
0.3841371918542337
0.3830711920529801
0.38375350140056025
1.0
0.4311377245508982
0.4221556886227545
0.416
0.4032983508245877
0.40456182472989194
0.405
0.401885175664096
0.4021005251312828
0.396
0.39615846338535415
0.39279869067103107
0.392
0.389196675900277
0.3891984569224175
0.3881552621048419
0.3885971492873218
0.38439816448994
0.3844614871623875
0.38408085912823753
0.38535414165666265
0.38468133752500716
0.38570649208947083
0.3838726513569937
0.3833458364591148
0.3824729891956783
0.3831948291782087
0.3840853523005112
0.38435155412647376
0.384726821192053
0.383953581432573
1.0
0.38323353293413176
0.39820359281437123
0.396
0.39580209895052476
0.3985594237695078
0.406
0.39931448157669236
0.396099024756189
0.3953333333333333
0.39315726290516206
0.3906164757228587
0.3875
0.3873499538319483
0.3866266609515645
0.3861544617847139
0.3840960240060015
0.3815743028591599
0.3821273757919306
0.3825015792798484
0.38235294117647056
0.3841097456416119
0.3818876159301691
0.3817849686847599
0.38159539884971244
0.38127250900360143
0.3825023084025854
0.3816403645254501
0.3822079314040729
0.38100165562913907
0.37975190076030413
1.0
0.41317365269461076
0.39820359281437123
0.396
0.39730134932533734
0.3949579831932773
0.394
0.3967437874892888
0.390847711927982
0.392
0.3949579831932773
0.3911620294599018
0.3895
0.3864265927977839
0.3874839262751822
0.3905562224889956
0.3885971492873218
0.3882809742322626
0.38946315438479495
0.3897662665824384
0.38895558223289317
0.3895398685338668
0.3873431533006001
0.3880480167014614
0.3878469617404351
0.38751500600240096
0.38850415512465375
0.38875305623471884
0.3877813504823151
0.3878311258278146
0.3869547819127651
