1.0
0.41916167664670656
0.3652694610778443
0.348
0.3343328335832084
0.3325330132052821
0.336
0.3453299057412168
0.34433608402100524
0.338
0.3325330132052821
0.33278777959629025
0.3315
0.3301015697137581
0.33004714959279896
0.3277310924369748
0.3278319579894974
0.3265090010589481
0.32777592530843613
0.32817435249526217
0.32533013205282113
0.32837953701057443
0.32896890343698854
0.328027139874739
0.3290822705676419
0.32821128451380555
0.32917820867959374
0.32829517670593467
0.3294748124330118
0.330091059602649
0.3283313325330132
1.0
0.40718562874251496
0.3652694610778443
0.35
0.3448275862068966
0.3505402160864346
0.347
0.3461868037703513
0.33983495873968494
0.3373333333333333
0.3445378151260504
0.34206219312602293
0.337
0.3365650969529086
0.33519074153450495
0.33373349339735897
0.33083270817704424
0.3303918108012707
0.33211070356785594
0.3300694883133291
0.33043217286914767
0.33180908831094597
0.3330605564648118
0.3324634655532359
0.3333333333333333
0.33421368547418967
0.334949215143121
0.3340742387197155
0.33161843515541267
0.33112582781456956
0.3303321328531413
1.0
0.38922155688622756
0.3413173652694611
0.34
0.3373313343328336
0.3445378151260504
0.344
0.34875749785775495
0.34733683420855216
0.3466666666666667
0.35114045618247297
0.3513366066557556
0.352
0.3554939981532779
0.35662237462494645
0.3561424569827931
0.3529632408102025
0.34874691140134134
0.3484494831610537
0.34807327858496523
0.3475390156062425
0.3460988853958274
0.34397163120567376
0.346294363256785
0.3433358339584896
0.3423769507803121
0.342797783933518
0.3436319182040453
0.3423365487674169
0.34499172185430466
0.3435374149659864
1.0
0.3712574850299401
0.3502994011976048
0.334
0.335832083958021
0.33733493397358943
0.326
0.34104541559554413
0.33983495873968494
0.3353333333333333
0.3349339735894358
0.3344244408074195
0.329
0.33425669436749766
0.33819117016716677
0.3401360544217687
0.34171042760690173
0.34274620543593365
0.3434478159386462
0.3452305748578648
0.3445378151260504
0.3455272935124321
0.3453355155482815
0.34786012526096033
0.3455863965991498
0.34501800720288117
0.34533702677746997
0.3445210046677039
0.34512325830653806
0.34271523178807944
0.34253701480592236
1.0
0.3473053892215569
0.32934131736526945
0.336
0.3328335832083958
0.33133253301320525
0.34
0.33676092544987146
0.33383345836459116
0.334
0.336734693877551
0.33169667212220405
0.331
0.3337950138504155
0.33390484354907846
0.3333333333333333
0.336834208552138
0.3349805859512884
0.3344448149383128
0.33291219204042954
0.33343337334933976
0.33123749642755074
0.33060556464811786
0.3324634655532359
0.33108277069267317
0.33133253301320525
0.3344875346260388
0.33540786841520337
0.33461950696677384
0.3331953642384106
0.33373349339735897
1.0
0.39520958083832336
0.36826347305389223
0.364
0.3538230884557721
0.3565426170468187
0.363
0.35732647814910024
0.35108777194298574
0.3486666666666667
0.3445378151260504
0.3442444080741953
0.343
0.33748845798707294
0.3377625375053579
0.3389355742296919
0.3394598649662416
0.3416872573243911
0.3411137045681894
0.34207201516108654
0.34093637454981995
0.3406687625035725
0.3404255319148936
0.33820459290187893
0.33708427106776695
0.339015606242497
0.3400277008310249
0.340075572349411
0.3397642015005359
0.34085264900662254
0.3407362945178071
1.0
0.3592814371257485
0.3652694610778443
0.338
0.3313343328335832
0.34213685474189676
0.338
0.33076263924592975
0.3300825206301575
0.32666666666666666
0.32533013205282113
0.32951445717403166
0.3325
0.33425669436749766
0.33561937419631377
0.33693477390956383
0.336834208552138
0.3356865513589834
0.33811270423474493
0.3385975994946305
0.3397358943577431
0.34266933409545586
0.3404255319148936
0.3400313152400835
0.3390847711927982
0.33805522208883554
0.3379501385041551
0.33674149811069126
0.33612004287245445
0.3365066225165563
0.33753501400560226
1.0
0.3772455089820359
0.36826347305389223
0.356
0.34332833583208394
0.34213685474189676
0.354
0.3453299057412168
0.33983495873968494
0.33866666666666667
0.336734693877551
0.32951445717403166
0.3295
0.32871652816251157
0.32833261894556365
0.33053221288515405
0.32970742685671417
0.3328626897282033
0.33311103701233746
0.3344914718888187
0.33433373349339734
0.33666761931980566
0.3393344244408074
0.33611691022964507
0.33633408352088023
0.3375750300120048
0.3381809787626962
0.3391864858857524
0.33954983922829585
0.33878311258278143
0.3405362144857943
1.0
0.40718562874251496
0.344311377245509
0.336
0.34182908545727136
0.3277310924369748
0.327
0.32476435304198803
0.32333083270817703
0.328
0.3349339735894358
0.3415166393889798
0.341
0.3425669436749769
0.342477496785255
0.34213685474189676
0.34321080270067517
0.3441581362513237
0.34078026008669554
0.34112444725205304
0.33883553421368545
0.3360960274364104
0.33496999454446263
0.3353340292275574
0.33508377094273567
0.3358943577430972
0.3347183748845799
0.33496332518337407
0.335048231511254
0.3342301324503311
0.33353341336534614
1.0
0.3652694610778443
0.36826347305389223
0.352
0.3538230884557721
0.3385354141656663
0.348
0.3453299057412168
0.34508627156789196
0.342
0.34093637454981995
0.337152209492635
0.34
0.34025854108956605
0.3420488641234462
0.3405362144857943
0.3428357089272318
0.34204024002823863
0.3421140380126709
0.33986102337334173
0.3403361344537815
0.33952557873678196
0.3385160938352428
0.34055323590814196
0.3393348337084271
0.33925570228091234
0.3381809787626962
0.3382973994220938
0.33954983922829585
0.3402317880794702
0.33753501400560226
