1.0
0.40119760479041916
0.40119760479041916
0.402
0.383808095952024
0.3817527010804322
0.379
0.38046272493573263
0.3878469617404351
0.388
0.3865546218487395
0.3851609383524277
0.3845
0.38227146814404434
0.38276896699528506
0.38095238095238093
0.38072018004501124
0.38086833745146487
0.3817939313104368
0.3812381554011371
0.381452581032413
0.3801086024578451
0.3791598472449536
0.37995824634655534
0.37884471117779445
0.37815126050420167
0.37903970452446906
0.3807512780617915
0.3807073954983923
0.38162251655629137
0.3825530212084834
1.0
0.4550898203592814
0.4281437125748503
0.418
0.40929535232383807
0.40336134453781514
0.402
0.39931448157669236
0.39909977494373594
0.394
0.3907563025210084
0.3906164757228587
0.3895
0.39058171745152354
0.3891984569224175
0.38575430172068825
0.3870967741935484
0.3875750088245676
0.3861287095698566
0.38629185091598234
0.3871548619447779
0.38668190911689054
0.3884342607746863
0.38961377870563674
0.3885971492873218
0.38943577430972387
0.3896583564173592
0.38875305623471884
0.39035369774919615
0.3884519867549669
0.391156462585034
1.0
0.437125748502994
0.40718562874251496
0.392
0.38830584707646176
0.37334933973589435
0.38
0.3856041131105398
0.3885971492873218
0.3873333333333333
0.38115246098439376
0.3802509547190398
0.3825
0.3808864265927978
0.38148306900985857
0.3821528611444578
0.3810952738184546
0.3805153547476174
0.3804601533844615
0.3815540113708149
0.38115246098439376
0.380965990282938
0.3802509547190398
0.37995824634655534
0.3810952738184546
0.3791116446578631
0.3797322253000923
0.379195376750389
0.3802786709539121
0.38038079470198677
0.38015206082432973
1.0
0.41317365269461076
0.37425149700598803
0.368
0.36731634182908546
0.37334933973589435
0.361
0.3676092544987147
0.3690922730682671
0.37533333333333335
0.37815126050420167
0.37752318603382434
0.3795
0.3799630655586334
0.38276896699528506
0.38535414165666265
0.38559639909977494
0.3875750088245676
0.38746248749583195
0.38660770688566015
0.3868547418967587
0.38611031723349526
0.3862520458265139
0.3859603340292276
0.3870967741935484
0.3870348139255702
0.3864265927977839
0.3863080684596577
0.3854233654876742
0.38576158940397354
0.3873549419767907
1.0
0.4251497005988024
0.39520958083832336
0.388
0.3778110944527736
0.37334933973589435
0.386
0.38817480719794345
0.38484621155288823
0.382
0.3865546218487395
0.3862520458265139
0.388
0.3864265927977839
0.3840548649807115
0.38095238095238093
0.3784696174043511
0.37910342393222735
0.3807935978659553
0.3812381554011371
0.3826530612244898
0.380965990282938
0.3818876159301691
0.3825678496868476
0.3813453363340835
0.38031212484994
0.3804247460757156
0.37852856190264506
0.3789924973204716
0.3783112582781457
0.37855142056822727
1.0
0.5149700598802395
0.4311377245508982
0.422
0.4122938530734633
0.40456182472989194
0.397
0.3967437874892888
0.39234808702175544
0.39266666666666666
0.3943577430972389
0.3938897981451173
0.394
0.39289012003693446
0.3909129875696528
0.39015606242497
0.3893473368342086
0.38969290504765264
0.3891297099033011
0.3872394188250158
0.38985594237695076
0.3881108888253787
0.38761593016912166
0.38674321503131526
0.385346336584146
0.38343337334933975
0.38411819021237303
0.38430762391642587
0.38478027867095393
0.3838990066225166
0.383953581432573
1.0
0.46706586826347307
0.41317365269461076
0.398
0.3853073463268366
0.37815126050420167
0.378
0.37617823479005996
0.3743435858964741
0.378
0.382953181272509
0.38461538461538464
0.383
0.38180978762696216
0.3823403343334762
0.3821528611444578
0.3803450862715679
0.3762795623014472
0.3751250416805602
0.3746051800379027
0.375750300120048
0.3766790511574736
0.3761593016912166
0.3768267223382046
0.3763440860215054
0.37551020408163266
0.37511542012927057
0.37630584574349857
0.3764201500535906
0.37665562913907286
0.37755102040816324
1.0
0.437125748502994
0.41317365269461076
0.41
0.41529235382308843
0.40336134453781514
0.401
0.401885175664096
0.4021005251312828
0.39866666666666667
0.3955582232893157
0.392253136933988
0.39
0.39012003693444136
0.3896270895842263
0.38455382152861145
0.38297074268567144
0.38369219908224494
0.38546182060686895
0.38534428300694884
0.3835534213685474
0.38353815375821665
0.38570649208947083
0.3843945720250522
0.3840960240060015
0.3843937575030012
0.38204062788550325
0.3820849077572794
0.3837084673097535
0.3832781456953642
0.3843537414965986
1.0
0.4311377245508982
0.38323353293413176
0.378
0.37181409295352325
0.37334933973589435
0.377
0.37532133676092544
0.37509377344336087
0.37666666666666665
0.37755102040816324
0.3780687397708674
0.381
0.3808864265927978
0.38019717102443207
0.37855142056822727
0.3803450862715679
0.37733851041298977
0.3781260420140047
0.37965887555274797
0.38115246098439376
0.3815375821663332
0.38461538461538464
0.3849164926931106
0.3825956489122281
0.3810324129651861
0.37903970452446906
0.37808401867081576
0.3783494105037513
0.3785182119205298
0.37975190076030413
1.0
0.46107784431137727
0.41916167664670656
0.412
0.4002998500749625
0.3937575030012005
0.397
0.39331619537275064
0.3945986496624156
0.3953333333333333
0.39615846338535415
0.3949809056192035
0.3915
0.3956602031394275
0.3934847835405058
0.39295718287314924
0.3915978994748687
0.3914578185668902
0.3934644881627209
0.39134554643082753
0.39255702280912363
0.3906830523006573
0.3884342607746863
0.3872651356993737
0.38884721180295073
0.39015606242497
0.38827331486611266
0.38786396977106025
0.387566988210075
0.38741721854304634
0.38755502200880354
