0
860
744
808
785
851
788
823
841
822
833
825
905
731
666
814
911
1033
852
796
728
772
740
806
734
735
901
792
906
978
864
0
740
882
861
768
872
955
826
802
1039
733
776
824
786
703
686
681
799
962
800
778
1000
745
880
785
768
815
882
843
874
886
0
757
794
901
898
887
934
869
729
881
687
826
761
928
1005
670
831
889
720
923
855
874
788
851
829
901
876
894
764
742
725
0
769
1074
738
575
733
955
729
808
568
717
891
659
735
971
768
797
1025
724
960
724
966
761
741
864
937
927
769
735
662
938
0
901
977
792
848
905
731
816
845
735
960
870
1001
788
893
772
794
878
790
802
862
879
839
873
890
970
881
964
902
902
827
0
805
827
889
895
676
746
955
915
844
855
832
897
876
967
752
1054
856
645
805
714
790
899
855
798
801
916
872
767
676
841
0
597
835
907
813
821
1066
581
804
842
977
828
886
871
958
808
722
803
806
852
634
771
949
953
759
657
928
815
886
886
765
0
772
984
772
735
1013
866
828
818
961
799
909
761
788
904
888
972
939
909
788
779
862
757
794
919
726
768
919
855
669
675
0
861
920
873
912
925
1003
915
954
893
801
853
696
913
880
922
848
893
948
849
847
784
890
819
831
541
743
721
816
826
866
0
965
726
782
948
883
865
848
744
949
740
722
874
845
808
882
743
888
785
857
951
1075
776
808
901
910
962
860
717
762
723
