0
2833
2077
2450
2300
1538
2508
2632
1934
2697
2107
1934
1927
2302
2429
2111
2417
1954
2406
2356
2659
2480
2421
2085
2384
2379
2346
1957
2014
2784
3097
0
2406
3137
2106
2332
2484
2103
1701
1882
2360
1970
1875
2178
2114
2225
2689
2761
2403
2226
2067
1929
2507
1697
2240
2041
2243
2233
2347
3239
2629
2279
0
2272
3029
2262
2303
1912
1984
2182
2369
2122
1797
2070
2307
2034
1779
2297
2775
2317
2011
2200
2944
2041
1936
2163
2002
2522
2488
2277
2478
2560
1940
0
2612
2589
2157
2265
1883
1957
1873
2355
1511
1838
2361
2027
2333
1880
1671
2509
2016
2911
2148
2304
2386
2144
2274
2381
2464
1876
1846
2630
2237
2003
0
2313
2338
2613
2611
2032
1912
1918
2233
2453
2158
2232
2583
1378
2288
2570
2172
2234
1816
2944
2608
1678
1570
2976
1788
2127
2305
2798
2460
2270
2172
0
2316
2645
1633
2758
2380
2786
1982
2751
2015
2224
2073
2624
2670
2503
2787
2220
1891
1583
2294
2071
2168
2529
2664
2258
2179
2349
2362
1779
2212
2299
0
1988
2481
2153
2143
2200
1817
2495
1737
2382
2095
1700
2071
2404
2079
1677
1686
2237
1991
2249
2231
2039
1771
2140
1824
2553
2303
2286
2622
2217
2189
0
2272
2402
2268
2362
2362
2122
1691
2003
2224
2720
2266
2949
2256
2306
2539
1749
2545
2298
2115
1787
2159
2199
2568
2210
1903
1683
1859
2433
1776
2522
0
2110
1912
1999
1631
1784
2373
1971
2292
1912
2084
2429
1783
2439
2723
2253
1959
2807
2296
1961
2734
2409
2223
2182
1686
2252
2653
1755
2717
2361
1569
0
2560
2241
2298
3219
2648
1896
1967
2148
2523
1891
2221
2043
2215
2118
2534
1786
2034
2231
2189
2397
2436
2216
2641
2453
2404
2230
2468
2581
2053
2622
