0
43
47
46
45
43
42
46
46
48
42
48
47
46
48
46
47
45
48
47
43
46
48
49
46
47
47
45
48
47
43
0
43
48
47
46
47
46
48
45
46
47
48
47
42
48
50
47
45
45
45
46
48
46
46
43
48
48
46
49
45
47
0
48
43
48
48
46
48
49
44
48
48
48
46
46
49
43
47
42
48
44
48
45
45
46
48
48
46
49
47
46
47
0
45
49
48
47
47
48
49
48
45
49
47
45
49
47
49
47
48
44
42
47
46
47
46
48
42
47
47
47
48
48
0
42
46
45
49
48
49
46
46
46
47
39
47
47
48
45
45
39
47
47
46
49
47
45
46
46
47
45
46
47
47
0
47
46
46
50
48
45
47
47
48
49
46
48
46
49
44
44
46
45
46
48
46
46
49
46
45
47
44
49
49
42
0
48
46
48
48
47
47
45
48
46
42
49
47
47
50
49
45
47
48
44
47
47
47
45
43
47
48
44
48
46
46
0
50
46
50
47
42
49
45
49
50
47
44
47
48
47
46
49
49
47
45
49
45
46
46
48
46
45
48
47
47
46
0
50
44
47
48
46
47
47
49
47
47
48
46
41
48
48
47
48
46
50
44
50
46
46
46
48
47
46
46
49
48
0
49
49
45
48
49
46
48
47
42
47
45
45
49
47
47
46
49
48
44
44
47
48
47
46
45
49
43
46
48
41
