0
836
1053
898
759
865
946
954
754
779
855
889
777
934
746
796
648
810
890
914
873
780
812
884
885
661
889
954
686
688
866
0
821
978
672
889
918
899
768
866
935
816
655
824
933
1024
736
749
872
893
842
793
939
997
836
809
846
762
788
863
928
940
0
846
908
865
791
672
706
962
901
955
763
868
893
878
800
895
925
807
847
987
693
991
879
819
943
880
953
738
831
692
848
0
511
696
834
797
954
833
831
827
780
800
702
950
771
795
924
927
804
976
800
691
949
961
909
945
958
795
907
823
743
1005
0
946
806
892
714
815
701
1048
873
894
949
740
1056
750
963
801
772
833
892
763
765
713
973
824
914
862
933
838
951
713
793
0
902
776
858
833
916
904
818
926
776
693
915
877
798
901
825
932
1056
894
682
805
879
929
811
851
778
805
734
764
797
934
0
666
684
841
761
888
842
889
752
818
898
965
926
923
991
846
798
802
960
964
721
1037
792
924
864
711
966
729
920
708
923
0
920
735
845
796
771
877
823
835
991
824
901
1028
724
963
748
761
771
877
816
839
801
943
888
836
789
907
844
1135
800
793
0
822
819
918
914
773
913
765
1009
818
902
1028
934
885
894
820
867
881
866
817
894
899
971
898
952
978
886
790
738
946
817
0
864
779
816
910
829
675
951
809
684
1014
876
930
887
777
916
813
899
800
648
881
658
804
964
798
745
798
819
939
698
885
