0
675
878
682
731
607
744
865
849
825
722
914
792
789
958
838
836
832
935
813
787
840
922
839
807
881
761
769
854
916
747
0
729
1043
759
750
896
930
885
953
739
987
847
822
709
917
882
715
868
735
849
979
790
809
742
714
918
842
719
743
672
819
0
952
727
933
960
762
786
861
819
861
867
818
858
898
899
804
776
752
803
789
786
697
809
999
890
736
965
913
782
893
736
0
781
872
712
833
824
918
892
838
801
810
819
651
872
892
914
849
845
720
693
766
749
877
780
851
656
860
828
821
896
949
0
626
894
735
963
821
861
884
939
878
778
633
839
788
799
861
892
607
928
813
883
896
819
743
838
940
930
786
817
854
949
0
889
736
890
877
890
760
791
848
798
928
847
891
837
688
749
784
835
701
858
862
911
843
920
682
803
904
921
812
882
671
0
849
768
776
829
763
852
844
863
813
614
946
853
951
970
936
827
762
829
852
806
926
926
729
787
937
818
781
806
734
845
0
808
935
993
1021
607
955
691
880
881
846
784
897
861
856
879
904
911
791
822
858
838
944
867
826
825
945
932
908
773
939
0
1060
832
772
845
755
849
792
920
781
833
955
808
778
855
793
967
855
709
972
741
828
876
722
779
925
846
791
761
773
800
0
860
800
764
845
905
829
918
978
718
899
796
808
811
799
861
763
929
910
832
931
908
858
777
852
831
963
741
696
859
767
