0
45
50
47
46
48
49
49
49
45
47
47
46
46
46
46
45
48
48
48
48
43
47
46
45
46
48
47
44
45
46
0
45
49
46
47
47
46
46
47
46
48
44
49
48
50
45
43
49
49
49
47
49
47
48
48
47
47
40
44
49
47
0
48
47
44
47
47
43
47
45
50
44
47
49
47
43
49
46
48
45
48
43
48
48
48
49
47
48
45
44
46
46
0
39
44
46
47
49
45
46
47
44
46
45
48
45
48
45
47
43
50
48
44
47
50
49
49
50
46
47
47
44
49
0
50
48
47
43
47
45
50
47
44
48
46
48
46
47
44
47
48
47
46
48
49
48
45
48
45
46
46
49
43
44
0
48
46
46
46
48
46
46
47
48
47
48
48
47
48
47
50
50
48
45
49
46
47
45
49
44
49
46
46
47
48
0
46
46
45
48
46
47
47
43
44
47
49
49
46
49
49
48
47
49
47
50
50
48
48
48
46
47
46
49
45
46
0
47
48
47
48
45
45
45
46
48
45
47
50
46
49
45
45
47
45
48
48
48
48
49
47
46
46
46
49
46
46
0
47
48
47
48
47
48
45
48
44
48
49
47
47
48
46
46
47
45
48
48
47
49
50
49
47
48
46
45
49
46
0
46
49
47
48
50
46
49
45
42
49
49
49
48
44
48
48
48
47
40
48
44
47
48
47
48
46
47
46
44
48
