0
2150
1906
2098
2228
2107
1793
2216
2421
2230
2484
2660
2474
1739
1868
1948
2227
2713
2322
2366
2009
2194
1807
2178
2218
2007
2209
2446
2266
2745
2486
0
1769
2268
2491
2066
2411
2663
1881
2272
2899
2254
1895
2142
2152
1373
1869
1834
2286
2173
1902
2342
2734
1959
2135
2243
2044
2481
2683
2002
1998
2242
0
1937
1683
2277
2303
2223
2485
2555
1633
2452
1515
2411
1889
2337
2615
2086
2369
2803
2226
2253
1907
2397
2184
2633
2045
2446
2355
2500
2103
1790
1646
0
1851
2862
1674
1529
1807
2488
2018
2002
1423
2023
2334
1442
2171
2743
2152
2061
3022
1732
2537
2162
2417
2142
2129
2262
2419
2511
1999
1742
1800
2400
0
2468
2911
2168
2429
3116
1802
2371
1942
2014
2678
2320
2489
1915
2524
2365
2128
2673
1976
2114
2243
2438
1766
2406
2233
2530
2867
2614
2357
2507
2422
0
2234
2126
2255
2403
1704
1828
2687
2555
2432
1906
2404
2348
2498
2645
1730
3391
2821
1761
2189
1980
2389
1952
2064
1618
2213
2582
2857
2176
1649
2228
0
1784
2235
2478
2291
2362
2649
1409
2129
2310
2848
1841
2607
2121
2250
2166
2266
2472
2498
2124
1639
1901
2361
2286
2085
1679
2225
2138
2735
1999
2086
0
2050
2475
2079
2146
2605
1968
2350
2164
2915
2100
2779
1812
2426
2504
2040
2509
2743
2902
2295
1817
2419
2226
1879
2697
1943
1706
2767
2601
1818
1655
0
2468
2534
2278
2409
2145
2911
2405
2300
2364
2420
2369
1891
2754
2143
2536
2066
2288
2574
2289
2729
1839
2261
2156
2397
1326
1698
1902
2160
2200
2449
0
2625
2289
2237
2338
2410
2485
2458
1771
2440
1591
2173
2600
2722
2172
2603
2192
2552
2143
2239
2345
2193
2485
2313
2892
2578
2367
2280
1873
1710
2102
