0
46
46
48
49
48
49
48
49
46
47
44
46
48
45
46
48
46
46
47
50
48
45
46
48
47
49
48
44
48
49
0
48
48
46
48
49
49
44
46
48
44
46
47
47
45
49
47
47
46
47
46
49
47
46
45
48
47
48
49
47
47
0
49
49
47
49
45
44
49
47
45
45
43
45
45
44
45
49
48
47
45
50
45
44
45
47
49
47
48
47
50
44
0
50
48
48
46
41
46
41
48
43
45
46
47
48
47
46
47
48
47
46
47
46
46
47
43
49
47
48
46
48
46
0
47
47
48
47
45
47
42
47
48
46
46
47
43
49
49
47
46
48
45
45
46
44
50
44
50
47
48
47
47
47
0
46
47
44
49
50
47
47
50
49
47
46
47
44
46
48
48
47
43
46
47
46
47
47
45
44
47
47
44
46
47
0
49
49
46
48
49
46
48
44
45
46
44
47
47
48
45
43
45
47
48
45
47
47
47
44
46
49
48
50
46
47
0
48
49
46
47
46
48
42
45
45
50
45
49
48
44
49
47
46
46
47
44
47
45
49
49
49
44
46
46
48
48
0
49
44
42
46
46
48
46
46
41
45
47
41
44
50
49
48
47
48
47
48
48
44
46
45
49
48
44
50
46
43
0
47
48
48
50
48
45
46
48
48
45
43
47
46
44
48
48
48
45
48
48
48
46
50
50
48
46
50
47
45
49
