0
1630
2631
1822
2061
1358
2154
2406
2262
2245
1767
2592
2433
2231
2425
2101
2210
1949
2495
2205
2100
2190
2463
2084
2064
2657
1840
2239
2049
2285
1802
0
2061
2938
2036
1932
2694
2100
1968
2828
1764
3057
2552
2189
1856
2744
2351
2276
2047
2175
2224
2658
2218
2083
2013
2062
2103
2029
2013
2107
1489
2233
0
2384
2307
2323
2865
2181
2012
2256
2076
2154
2375
2343
2608
2477
2158
1994
2145
2131
2611
1992
2125
2088
2101
2745
2191
2337
2667
2368
1960
2680
1617
0
2120
2513
2027
2240
2061
2592
2475
2021
2359
1975
2377
1839
2428
2165
2299
1890
2160
1877
1825
2261
2153
2124
2033
2317
1890
2348
2374
2318
2507
2580
0
1806
2229
1817
2435
2208
2240
2478
2556
2099
2201
1725
2444
2162
2097
2408
2276
1796
2557
2428
2589
2387
2296
1929
2370
2964
2544
2193
2222
2395
2599
0
2247
2065
2356
2648
2794
2140
2328
2482
2155
2345
2387
2201
2257
1928
1919
2051
2210
1585
2413
2415
2094
1931
2697
1865
2277
2482
2476
2210
2275
2253
0
2187
2108
1995
2216
2075
2199
2100
2613
2172
1609
2737
2387
2723
2548
2459
2266
2177
1883
2027
2238
2646
2171
1778
2251
2394
2178
1822
2107
1952
2356
0
2274
2571
2965
2521
1418
2855
1950
2750
2497
2428
2225
2425
2366
2454
2500
2423
2082
2655
1984
2420
2192
2643
2339
2277
2024
2545
2487
2096
2075
2460
0
2808
2237
2138
2558
2109
2114
2410
2435
2154
2339
2617
2192
2114
2115
2248
2564
2178
1962
2490
1876
2445
2089
2033
2096
2657
2472
2333
1897
1991
1993
0
2569
2157
1917
2472
2488
2435
2889
2582
2124
2839
2085
2179
1918
2022
2238
2090
2411
2438
2163
2374
2543
2676
2034
2191
2088
2834
1657
2189
2418
1885
