0
46
46
47
44
50
48
48
49
49
47
49
48
45
45
43
49
49
46
46
47
45
44
48
46
46
48
45
50
48
46
0
47
49
45
47
47
49
44
46
49
45
44
50
45
42
44
44
46
49
48
44
48
46
48
49
46
49
47
48
46
46
0
45
45
48
48
45
50
47
46
49
47
47
40
50
47
46
43
49
46
46
44
46
45
49
47
47
46
48
47
47
42
0
46
49
44
44
45
46
46
47
41
45
48
42
46
47
47
47
47
45
48
46
47
47
46
45
47
48
48
48
43
49
0
48
49
47
49
47
45
48
48
47
47
47
45
45
44
46
46
48
47
44
46
47
48
46
49
50
44
50
46
50
44
0
44
47
46
49
46
44
50
48
45
47
47
48
48
48
48
48
49
44
44
43
47
47
47
43
42
47
46
41
43
49
0
40
45
45
48
47
49
42
47
48
49
48
43
49
47
49
45
49
43
45
46
46
49
49
44
42
47
50
47
48
48
0
43
50
47
48
50
49
47
47
49
45
46
48
49
46
48
48
48
49
44
44
47
47
44
45
44
49
49
48
44
42
0
47
49
48
47
46
48
46
47
49
46
46
46
48
47
46
45
48
48
48
47
45
46
47
50
47
46
43
48
45
47
0
49
47
47
50
49
49
45
47
49
41
46
46
49
48
50
45
46
44
49
48
49
46
42
46
47
49
47
45
45
45
