0
982
732
841
838
721
898
923
851
824
847
724
763
832
881
822
940
766
823
903
912
861
887
802
883
843
919
787
691
983
992
0
933
1051
819
895
863
748
740
723
827
811
715
880
857
837
1032
1006
907
888
756
768
916
785
779
832
922
786
763
1090
901
859
0
823
1045
848
844
822
780
924
937
733
659
777
801
860
786
822
907
763
875
775
868
791
761
774
782
963
970
877
946
903
775
0
1002
1014
976
946
732
829
644
906
605
689
746
774
884
830
705
783
878
940
772
837
835
908
949
724
883
740
758
838
854
875
0
849
900
894
976
819
742
726
883
955
723
968
916
634
740
964
854
791
753
976
845
824
691
1123
683
799
770
895
907
771
884
0
918
956
625
977
923
822
874
1049
727
824
795
948
826
890
961
780
840
621
877
730
753
888
898
871
777
874
954
688
796
869
0
787
880
827
875
821
804
855
685
833
849
650
808
826
811
692
657
792
695
791
848
797
734
770
705
977
942
845
1097
892
842
0
886
891
727
912
785
748
647
895
728
980
836
1030
851
913
935
799
890
762
787
650
858
806
922
791
732
659
711
876
733
908
0
764
765
691
643
857
938
804
890
724
739
928
632
794
928
855
814
913
916
776
957
821
792
815
719
854
911
742
992
975
749
0
869
829
803
1031
866
722
823
865
935
788
686
784
695
766
894
643
833
738
854
787
942
841
876
914
849
746
1012
903
837
982
