0
2319
2757
2445
1961
2177
2772
2391
2326
1766
2329
2637
1983
2399
1988
2288
1497
2484
2382
2563
2301
1960
2342
2347
2281
2071
2877
2435
2049
1949
2476
0
2052
2416
1423
2869
2220
2380
2097
2287
2563
2055
1863
2669
2481
2753
2024
2150
2316
2398
2375
2022
2573
2733
2227
1954
2285
2248
2172
2104
2511
2764
0
2126
2080
2244
2131
1845
1470
2880
2410
2452
1893
2176
2303
2120
1998
2316
2469
2545
2193
3106
1972
2369
2242
2359
2778
2318
2705
2023
2396
2012
2436
0
1470
1753
2155
2307
2497
2691
2283
2447
2222
2321
2132
2383
2034
1982
2438
2356
2086
2598
2193
1685
2830
2683
2435
2279
3047
2245
2949
2024
2053
3033
0
3059
2353
2198
1915
2008
1736
2765
2570
2545
2471
1951
2839
2036
2343
1912
2068
2233
2640
2284
2068
1788
2627
2430
2012
2218
2431
2353
2939
1866
2023
0
2225
2000
2171
2326
2671
2514
2313
2517
2027
1734
2307
2444
2174
2427
2323
2079
2934
2846
2205
2377
2356
2413
2391
2448
2006
1891
1587
2045
2523
2657
0
1921
1907
1798
1935
2731
2708
2777
2024
1984
2707
2727
2795
2115
2540
2058
1834
2025
2457
3027
1868
2821
2436
2430
2357
2182
2744
1731
2361
2095
2680
0
2827
1814
2163
2005
2020
2280
2163
2418
2928
2205
2706
2683
1851
2753
2061
2363
2501
2184
2125
1993
2224
2302
2165
2465
2023
2635
2391
3022
2053
2041
0
2083
2024
2157
2199
2006
2556
1894
3194
2032
2249
2711
2372
2014
2766
2574
2134
2505
2312
2060
2670
1995
2928
2260
2300
2915
2634
2045
2008
2641
2406
0
2281
2351
2299
2878
2185
1971
2546
2189
1854
2588
2155
2565
2137
2076
2702
2377
2284
1965
1829
2237
1858
1772
2945
1943
2156
2161
2336
2954
1799
2243
